id,countrie,year,population
1,Australia,1950,8178700
2,Australia,1951,8421700
3,Australia,1952,8636500
4,Australia,1953,8815300
5,Australia,1954,8986500
6,Australia,1955,9199700
7,Australia,1956,9425500
8,Australia,1957,9640200
9,Australia,1958,9842400
10,Australia,1959,10056400
11,Australia,1960,10275000
12,Australia,1961,10508200
13,Australia,1962,10700500
14,Australia,1963,10906900
15,Australia,1964,11121600
16,Australia,1965,11340900
17,Australia,1966,11599498
18,Australia,1967,11799078
19,Australia,1968,12008635
20,Australia,1969,12263014
21,Australia,1970,12507349
22,Australia,1971,13067265
23,Australia,1972,13303664
24,Australia,1973,13504538
25,Australia,1974,13722571
26,Australia,1975,13892995
27,Australia,1976,14033083
28,Australia,1977,14192234
29,Australia,1978,14359255
30,Australia,1979,14515729
31,Australia,1980,14695356
32,Australia,1981,14923260
33,Australia,1982,15184247
34,Australia,1983,15393472
35,Australia,1984,15579391
36,Australia,1985,15788312
37,Australia,1986,16018350
38,Australia,1987,16263874
39,Australia,1988,16532164
40,Australia,1989,16814416
41,Australia,1990,17065128
42,Australia,1991,17284036
43,Australia,1992,17478635
44,Australia,1993,17634808
45,Australia,1994,17805468
46,Australia,1995,18004882
47,Australia,1996,18224767
48,Australia,1997,18423037
49,Australia,1998,18607584
50,Australia,1999,18812264
51,Australia,2000,19028802
52,Australia,2001,19274701
53,Australia,2002,19495210
54,Australia,2003,19720737
55,Australia,2004,19932722
56,Australia,2005,20176844
57,Australia,2006,20450966
58,Australia,2007,20827622
59,Australia,2008,21249199
60,Australia,2009,21691653
61,Australia,2010,22031750
62,Australia,2011,22340024
63,Australia,2012,22733465
64,Australia,2013,23128129
65,Australia,2014,23475686
66,Australia,2015,23815995
67,Australia,2016,24190907
68,Australia,2017,24601860
69,Australia,2018,24982688
70,Australia,2019,25365745
71,Australia,2020,25693267
72,Australia,2021,25738142
73,Austria,1950,6935100
74,Austria,1951,6935451
75,Austria,1952,6927772
76,Austria,1953,6932483
77,Austria,1954,6940209
78,Austria,1955,6946885
79,Austria,1956,6952359
80,Austria,1957,6965860
81,Austria,1958,6987358
82,Austria,1959,7014331
83,Austria,1960,7047539
84,Austria,1961,7086299
85,Austria,1962,7129864
86,Austria,1963,7175811
87,Austria,1964,7223801
88,Austria,1965,7270889
89,Austria,1966,7322066
90,Austria,1967,7376998
91,Austria,1968,7415403
92,Austria,1969,7441055
93,Austria,1970,7467086
94,Austria,1971,7500482
95,Austria,1972,7544201
96,Austria,1973,7586115
97,Austria,1974,7599038
98,Austria,1975,7578903
99,Austria,1976,7565525
100,Austria,1977,7568430
101,Austria,1978,7562305
102,Austria,1979,7549425
103,Austria,1980,7549433
104,Austria,1981,7568710
105,Austria,1982,7574140
106,Austria,1983,7561910
107,Austria,1984,7561434
108,Austria,1985,7564984
109,Austria,1986,7569794
110,Austria,1987,7574586
111,Austria,1988,7585317
112,Austria,1989,7619566
113,Austria,1990,7677850
114,Austria,1991,7754891
115,Austria,1992,7840709
116,Austria,1993,7905632
117,Austria,1994,7936118
118,Austria,1995,7948278
119,Austria,1996,7959016
120,Austria,1997,7968041
121,Austria,1998,7976789
122,Austria,1999,7992323
123,Austria,2000,8011566
124,Austria,2001,8042293
125,Austria,2002,8082121
126,Austria,2003,8118245
127,Austria,2004,8169441
128,Austria,2005,8225278
129,Austria,2006,8267948
130,Austria,2007,8295189
131,Austria,2008,8321541
132,Austria,2009,8341483
133,Austria,2010,8361069
134,Austria,2011,8388534
135,Austria,2012,8426311
136,Austria,2013,8477230
137,Austria,2014,8543932
138,Austria,2015,8629519
139,Austria,2016,8739806
140,Austria,2017,8795073
141,Austria,2018,8837707
142,Austria,2019,8877637
143,Austria,2020,8916845
144,Austria,2021,8951520
145,Belgium,1950,8639369
146,Belgium,1951,8678386
147,Belgium,1952,8730405
148,Belgium,1953,8777873
149,Belgium,1954,8819374
150,Belgium,1955,8868451
151,Belgium,1956,8923800
152,Belgium,1957,8989050
153,Belgium,1958,9052650
154,Belgium,1959,9103712
155,Belgium,1960,9153490
156,Belgium,1961,9183948
157,Belgium,1962,9220578
158,Belgium,1963,9289770
159,Belgium,1964,9378114
160,Belgium,1965,9463668
161,Belgium,1966,9527808
162,Belgium,1967,9580991
163,Belgium,1968,9618756
164,Belgium,1969,9646033
165,Belgium,1970,9655550
166,Belgium,1971,9673162
167,Belgium,1972,9711115
168,Belgium,1973,9741721
169,Belgium,1974,9772420
170,Belgium,1975,9800700
171,Belgium,1976,9818228
172,Belgium,1977,9830358
173,Belgium,1978,9839534
174,Belgium,1979,9848382
175,Belgium,1980,9859243
176,Belgium,1981,9858982
177,Belgium,1982,9856303
178,Belgium,1983,9855521
179,Belgium,1984,9855372
180,Belgium,1985,9858309
181,Belgium,1986,9861824
182,Belgium,1987,9870234
183,Belgium,1988,9901665
184,Belgium,1989,9937697
185,Belgium,1990,9967378
186,Belgium,1991,10004486
187,Belgium,1992,10045165
188,Belgium,1993,10084479
189,Belgium,1994,10115601
190,Belgium,1995,10136814
191,Belgium,1996,10156641
192,Belgium,1997,10181246
193,Belgium,1998,10203012
194,Belgium,1999,10226419
195,Belgium,2000,10251247
196,Belgium,2001,10286571
197,Belgium,2002,10332783
198,Belgium,2003,10376130
199,Belgium,2004,10421133
200,Belgium,2005,10478617
201,Belgium,2006,10547956
202,Belgium,2007,10625701
203,Belgium,2008,10709976
204,Belgium,2009,10796498
205,Belgium,2010,10895589
206,Belgium,2011,10993616
207,Belgium,2012,11067748
208,Belgium,2013,11125033
209,Belgium,2014,11179778
210,Belgium,2015,11238474
211,Belgium,2016,11295003
212,Belgium,2017,11349081
213,Belgium,2018,11403740
214,Belgium,2019,11462023
215,Belgium,2020,11506938
216,Belgium,2021,11552615
217,Canada,1950,14018606
218,Canada,1951,14318204
219,Canada,1952,14776291
220,Canada,1953,15169815
221,Canada,1954,15620550
222,Canada,1955,16040090
223,Canada,1956,16431419
224,Canada,1957,16970940
225,Canada,1958,17450075
226,Canada,1959,17861347
227,Canada,1960,18256447
228,Canada,1961,18634666
229,Canada,1962,18989309
230,Canada,1963,19347231
231,Canada,1964,19719595
232,Canada,1965,20084314
233,Canada,1966,20420867
234,Canada,1967,20795138
235,Canada,1968,21129417
236,Canada,1969,21439830
237,Canada,1970,21746497
238,Canada,1971,21962032
239,Canada,1972,22218463
240,Canada,1973,22491777
241,Canada,1974,22807969
242,Canada,1975,23143275
243,Canada,1976,23449808
244,Canada,1977,23725843
245,Canada,1978,23963203
246,Canada,1979,24201544
247,Canada,1980,24515667
248,Canada,1981,24819915
249,Canada,1982,25116942
250,Canada,1983,25366451
251,Canada,1984,25607053
252,Canada,1985,25842116
253,Canada,1986,26100278
254,Canada,1987,26446601
255,Canada,1988,26791747
256,Canada,1989,27276781
257,Canada,1990,27691138
258,Canada,1991,28037420
259,Canada,1992,28371264
260,Canada,1993,28684764
261,Canada,1994,29000663
262,Canada,1995,29302311
263,Canada,1996,29610218
264,Canada,1997,29905948
265,Canada,1998,30155173
266,Canada,1999,30401286
267,Canada,2000,30685730
268,Canada,2001,31020902
269,Canada,2002,31360079
270,Canada,2003,31644028
271,Canada,2004,31940655
272,Canada,2005,32243753
273,Canada,2006,32571174
274,Canada,2007,32889025
275,Canada,2008,33247118
276,Canada,2009,33628895
277,Canada,2010,34004889
278,Canada,2011,34339328
279,Canada,2012,34714222
280,Canada,2013,35082954
281,Canada,2014,35437435
282,Canada,2015,35702908
283,Canada,2016,36109487
284,Canada,2017,36545236
285,Canada,2018,37065084
286,Canada,2019,37601230
287,Canada,2020,38037204
288,Canada,2021,38246108
289,Czech Republic,1950,8925122
290,Czech Republic,1951,9023170
291,Czech Republic,1952,9125183
292,Czech Republic,1953,9220908
293,Czech Republic,1954,9290617
294,Czech Republic,1955,9365969
295,Czech Republic,1956,9442040
296,Czech Republic,1957,9513758
297,Czech Republic,1958,9574650
298,Czech Republic,1959,9618554
299,Czech Republic,1960,9659818
300,Czech Republic,1961,9588016
301,Czech Republic,1962,9621808
302,Czech Republic,1963,9668741
303,Czech Republic,1964,9730019
304,Czech Republic,1965,9785102
305,Czech Republic,1966,9826188
306,Czech Republic,1967,9854241
307,Czech Republic,1968,9877632
308,Czech Republic,1969,9896695
309,Czech Republic,1970,9805157
310,Czech Republic,1971,9830602
311,Czech Republic,1972,9868379
312,Czech Republic,1973,9919519
313,Czech Republic,1974,9994761
314,Czech Republic,1975,10062366
315,Czech Republic,1976,10128220
316,Czech Republic,1977,10189312
317,Czech Republic,1978,10245686
318,Czech Republic,1979,10296489
319,Czech Republic,1980,10326792
320,Czech Republic,1981,10303208
321,Czech Republic,1982,10314321
322,Czech Republic,1983,10322823
323,Czech Republic,1984,10330481
324,Czech Republic,1985,10336742
325,Czech Republic,1986,10340737
326,Czech Republic,1987,10348834
327,Czech Republic,1988,10356359
328,Czech Republic,1989,10362257
329,Czech Republic,1990,10362740
330,Czech Republic,1991,10308682
331,Czech Republic,1992,10317807
332,Czech Republic,1993,10330607
333,Czech Republic,1994,10336162
334,Czech Republic,1995,10330759
335,Czech Republic,1996,10315353
336,Czech Republic,1997,10303642
337,Czech Republic,1998,10294943
338,Czech Republic,1999,10282784
339,Czech Republic,2000,10272503
340,Czech Republic,2001,10224192
341,Czech Republic,2002,10200774
342,Czech Republic,2003,10201651
343,Czech Republic,2004,10206923
344,Czech Republic,2005,10234092
345,Czech Republic,2006,10266646
346,Czech Republic,2007,10322689
347,Czech Republic,2008,10429692
348,Czech Republic,2009,10491492
349,Czech Republic,2010,10517247
350,Czech Republic,2011,10496672
351,Czech Republic,2012,10509286
352,Czech Republic,2013,10510719
353,Czech Republic,2014,10524783
354,Czech Republic,2015,10542942
355,Czech Republic,2016,10565284
356,Czech Republic,2017,10589526
357,Czech Republic,2018,10626430
358,Czech Republic,2019,10669324
359,Czech Republic,2020,10700155
360,Czech Republic,2021,10500850
361,Denmark,1950,4268468
362,Denmark,1951,4300376
363,Denmark,1952,4332355
364,Denmark,1953,4369279
365,Denmark,1954,4406576
366,Denmark,1955,4439006
367,Denmark,1956,4466527
368,Denmark,1957,4489871
369,Denmark,1958,4516287
370,Denmark,1959,4548660
371,Denmark,1960,4579603
372,Denmark,1961,4611690
373,Denmark,1962,4647733
374,Denmark,1963,4684481
375,Denmark,1964,4722074
376,Denmark,1965,4759011
377,Denmark,1966,4797381
378,Denmark,1967,4835358
379,Denmark,1968,4864879
380,Denmark,1969,4891860
381,Denmark,1970,4928748
382,Denmark,1971,4963126
383,Denmark,1972,4991596
384,Denmark,1973,5021862
385,Denmark,1974,5045298
386,Denmark,1975,5059862
387,Denmark,1976,5072597
388,Denmark,1977,5088420
389,Denmark,1978,5104248
390,Denmark,1979,5116802
391,Denmark,1980,5123027
392,Denmark,1981,5121572
393,Denmark,1982,5117810
394,Denmark,1983,5114297
395,Denmark,1984,5111619
396,Denmark,1985,5113691
397,Denmark,1986,5120534
398,Denmark,1987,5127024
399,Denmark,1988,5129517
400,Denmark,1989,5132594
401,Denmark,1990,5140939
402,Denmark,1991,5154298
403,Denmark,1992,5171370
404,Denmark,1993,5189377
405,Denmark,1994,5204994
406,Denmark,1995,5227861
407,Denmark,1996,5261503
408,Denmark,1997,5284220
409,Denmark,1998,5301304
410,Denmark,1999,5319111
411,Denmark,2000,5337344
412,Denmark,2001,5355082
413,Denmark,2002,5374255
414,Denmark,2003,5387174
415,Denmark,2004,5401177
416,Denmark,2005,5415978
417,Denmark,2006,5434567
418,Denmark,2007,5457415
419,Denmark,2008,5489022
420,Denmark,2009,5519441
421,Denmark,2010,5543819
422,Denmark,2011,5566856
423,Denmark,2012,5587085
424,Denmark,2013,5608784
425,Denmark,2014,5639719
426,Denmark,2015,5678348
427,Denmark,2016,5724456
428,Denmark,2017,5760694
429,Denmark,2018,5789957
430,Denmark,2019,5814461
431,Denmark,2020,5825337
432,Denmark,2021,5850189
433,Finland,1950,4008902
434,Finland,1951,4047264
435,Finland,1952,4090476
436,Finland,1953,4139418
437,Finland,1954,4186901
438,Finland,1955,4234881
439,Finland,1956,4281703
440,Finland,1957,4324012
441,Finland,1958,4359753
442,Finland,1959,4394680
443,Finland,1960,4429633
444,Finland,1961,4461007
445,Finland,1962,4491442
446,Finland,1963,4523307
447,Finland,1964,4548545
448,Finland,1965,4563732
449,Finland,1966,4580868
450,Finland,1967,4605743
451,Finland,1968,4626471
452,Finland,1969,4623785
453,Finland,1970,4606304
454,Finland,1971,4612124
455,Finland,1972,4639656
456,Finland,1973,4666079
457,Finland,1974,4690575
458,Finland,1975,4711440
459,Finland,1976,4725665
460,Finland,1977,4738900
461,Finland,1978,4752527
462,Finland,1979,4764691
463,Finland,1980,4779537
464,Finland,1981,4799962
465,Finland,1982,4826931
466,Finland,1983,4855786
467,Finland,1984,4881806
468,Finland,1985,4902202
469,Finland,1986,4918150
470,Finland,1987,4932123
471,Finland,1988,4946487
472,Finland,1989,4964370
473,Finland,1990,4986433
474,Finland,1991,5013737
475,Finland,1992,5041990
476,Finland,1993,5066452
477,Finland,1994,5088324
478,Finland,1995,5107787
479,Finland,1996,5124573
480,Finland,1997,5139839
481,Finland,1998,5153499
482,Finland,1999,5165470
483,Finland,2000,5176203
484,Finland,2001,5188005
485,Finland,2002,5200598
486,Finland,2003,5213010
487,Finland,2004,5228173
488,Finland,2005,5246100
489,Finland,2006,5266266
490,Finland,2007,5288719
491,Finland,2008,5313398
492,Finland,2009,5338867
493,Finland,2010,5363341
494,Finland,2011,5388272
495,Finland,2012,5413967
496,Finland,2013,5438975
497,Finland,2014,5461507
498,Finland,2015,5479528
499,Finland,2016,5495297
500,Finland,2017,5508209
501,Finland,2018,5515525
502,Finland,2019,5521605
503,Finland,2020,5529545
504,Finland,2021,5541020
505,France,1950,41828708
506,France,1951,42155531
507,France,1952,42459667
508,France,1953,42751748
509,France,1954,43056508
510,France,1955,43427667
511,France,1956,43843074
512,France,1957,44310865
513,France,1958,44788852
514,France,1959,45239730
515,France,1960,45684228
516,France,1961,46162831
517,France,1962,46997707
518,France,1963,47816220
519,France,1964,48310410
520,France,1965,48757799
521,France,1966,49163665
522,France,1967,49548302
523,France,1968,49915403
524,France,1969,50317983
525,France,1970,50772222
526,France,1971,51251098
527,France,1972,51700913
528,France,1973,52118300
529,France,1974,52460358
530,France,1975,52699171
531,France,1976,52908675
532,France,1977,53145280
533,France,1978,53376322
534,France,1979,53606226
535,France,1980,53880012
536,France,1981,54181806
537,France,1982,54492495
538,France,1983,54772418
539,France,1984,55026074
540,France,1985,55284271
541,France,1986,55546504
542,France,1987,55823956
543,France,1988,56117974
544,France,1989,56423411
545,France,1990,56708826
546,France,1991,58425681
547,France,1992,58711615
548,France,1993,58961049
549,France,1994,59175335
550,France,1995,59383991
551,France,1996,59589289
552,France,1997,59795263
553,France,1998,60011008
554,France,1999,60315406
555,France,2000,60724780
556,France,2001,61163237
557,France,2002,61604550
558,France,2003,62037544
559,France,2004,62490800
560,France,2005,62958328
561,France,2006,63393406
562,France,2007,63781275
563,France,2008,64133174
564,France,2009,64458715
565,France,2010,64773169
566,France,2011,65087317
567,France,2012,65402998
568,France,2013,65735961
569,France,2014,66276671
570,France,2015,66512558
571,France,2016,66688563
572,France,2017,66883314
573,France,2018,67125071
574,France,2019,67356050
575,France,2020,67540257
576,France,2021,67719897
577,Germany,1950,69966252
578,Germany,1951,69565603
579,Germany,1952,69974838
580,Germany,1953,70365355
581,Germany,1954,70755387
582,Germany,1955,71147383
583,Germany,1956,71146613
584,Germany,1957,71209164
585,Germany,1958,71752946
586,Germany,1959,72286928
587,Germany,1960,72814897
588,Germany,1961,73377631
589,Germany,1962,74025787
590,Germany,1963,74714356
591,Germany,1964,75318338
592,Germany,1965,75963697
593,Germany,1966,76600311
594,Germany,1967,76951342
595,Germany,1968,77294310
596,Germany,1969,77909681
597,Germany,1970,78169285
598,Germany,1971,78312838
599,Germany,1972,78688450
600,Germany,1973,78936672
601,Germany,1974,78967429
602,Germany,1975,78673555
603,Germany,1976,78336948
604,Germany,1977,78159813
605,Germany,1978,78091821
606,Germany,1979,78126353
607,Germany,1980,78288576
608,Germany,1981,78407904
609,Germany,1982,78333354
610,Germany,1983,78128284
611,Germany,1984,77858682
612,Germany,1985,77684878
613,Germany,1986,77720438
614,Germany,1987,77839920
615,Germany,1988,78144617
616,Germany,1989,78751284
617,Germany,1990,79433034
618,Germany,1991,80013901
619,Germany,1992,80624601
620,Germany,1993,81156368
621,Germany,1994,81438346
622,Germany,1995,81678046
623,Germany,1996,81914834
624,Germany,1997,82034775
625,Germany,1998,82047197
626,Germany,1999,82100243
627,Germany,2000,82211501
628,Germany,2001,82349926
629,Germany,2002,82488493
630,Germany,2003,82534175
631,Germany,2004,82516268
632,Germany,2005,82469421
633,Germany,2006,82376447
634,Germany,2007,82266373
635,Germany,2008,82110097
636,Germany,2009,81902308
637,Germany,2010,81776936
638,Germany,2011,80274981
639,Germany,2012,80425826
640,Germany,2013,80645605
641,Germany,2014,80982495
642,Germany,2015,81686608
643,Germany,2016,82348669
644,Germany,2017,82657000
645,Germany,2018,82905788
646,Germany,2019,83092958
647,Germany,2020,83160874
648,Germany,2021,83129285
649,Greece,1950,7554102
650,Greece,1951,7632801
651,Greece,1952,7743746
652,Greece,1953,7836110
653,Greece,1954,7893412
654,Greece,1955,7965538
655,Greece,1956,8031013
656,Greece,1957,8096218
657,Greece,1958,8173129
658,Greece,1959,8258162
659,Greece,1960,8327405
660,Greece,1961,8398050
661,Greece,1962,8448233
662,Greece,1963,8479625
663,Greece,1964,8510429
664,Greece,1965,8550333
665,Greece,1966,8613651
666,Greece,1967,8716441
667,Greece,1968,8740765
668,Greece,1969,8772764
669,Greece,1970,8792806
670,Greece,1971,8831036
671,Greece,1972,8888628
672,Greece,1973,8929086
673,Greece,1974,8962023
674,Greece,1975,9046542
675,Greece,1976,9167190
676,Greece,1977,9308479
677,Greece,1978,9429959
678,Greece,1979,9548258
679,Greece,1980,9642505
680,Greece,1981,9729350
681,Greece,1982,9789513
682,Greece,1983,9846627
683,Greece,1984,9895801
684,Greece,1985,9934294
685,Greece,1986,9967264
686,Greece,1987,10000644
687,Greece,1988,10037037
688,Greece,1989,10089550
689,Greece,1990,10196801
690,Greece,1991,10319928
691,Greece,1992,10399058
692,Greece,1993,10460409
693,Greece,1994,10512924
694,Greece,1995,10562160
695,Greece,1996,10608801
696,Greece,1997,10661264
697,Greece,1998,10720507
698,Greece,1999,10761698
699,Greece,2000,10805806
700,Greece,2001,10862129
701,Greece,2002,10902022
702,Greece,2003,10928072
703,Greece,2004,10955142
704,Greece,2005,10987316
705,Greece,2006,11020366
706,Greece,2007,11048466
707,Greece,2008,11077839
708,Greece,2009,11107017
709,Greece,2010,11121344
710,Greece,2011,11104900
711,Greece,2012,11045010
712,Greece,2013,10965209
713,Greece,2014,10892415
714,Greece,2015,10820883
715,Greece,2016,10775966
716,Greece,2017,10754679
717,Greece,2018,10732877
718,Greece,2019,10721584
719,Greece,2020,10698597
720,Greece,2021,10656962
721,Hungary,1950,9337770
722,Hungary,1951,9422958
723,Hungary,1952,9504043
724,Hungary,1953,9595144
725,Hungary,1954,9705833
726,Hungary,1955,9824908
727,Hungary,1956,9855888
728,Hungary,1957,9839364
729,Hungary,1958,9881594
730,Hungary,1959,9937033
731,Hungary,1960,9983514
732,Hungary,1961,10027958
733,Hungary,1962,10060823
734,Hungary,1963,10087948
735,Hungary,1964,10119834
736,Hungary,1965,10147932
737,Hungary,1966,10178653
738,Hungary,1967,10216607
739,Hungary,1968,10255807
740,Hungary,1969,10298722
741,Hungary,1970,10337912
742,Hungary,1971,10367535
743,Hungary,1972,10398491
744,Hungary,1973,10432053
745,Hungary,1974,10478720
746,Hungary,1975,10540523
747,Hungary,1976,10598674
748,Hungary,1977,10648028
749,Hungary,1978,10684829
750,Hungary,1979,10704148
751,Hungary,1980,10711126
752,Hungary,1981,10711853
753,Hungary,1982,10705537
754,Hungary,1983,10689467
755,Hungary,1984,10668092
756,Hungary,1985,10648715
757,Hungary,1986,10630565
758,Hungary,1987,10612743
759,Hungary,1988,10596489
760,Hungary,1989,10481717
761,Hungary,1990,10373987
762,Hungary,1991,10373398
763,Hungary,1992,10369339
764,Hungary,1993,10357518
765,Hungary,1994,10343359
766,Hungary,1995,10328967
767,Hungary,1996,10311235
768,Hungary,1997,10290475
769,Hungary,1998,10266571
770,Hungary,1999,10237527
771,Hungary,2000,10210965
772,Hungary,2001,10187578
773,Hungary,2002,10158610
774,Hungary,2003,10129554
775,Hungary,2004,10107140
776,Hungary,2005,10087064
777,Hungary,2006,10071374
778,Hungary,2007,10055778
779,Hungary,2008,10038186
780,Hungary,2009,10022647
781,Hungary,2010,10000020
782,Hungary,2011,9958824
783,Hungary,2012,9920364
784,Hungary,2013,9893083
785,Hungary,2014,9866466
786,Hungary,2015,9843025
787,Hungary,2016,9814026
788,Hungary,2017,9787969
789,Hungary,2018,9775566
790,Hungary,2019,9771142
791,Hungary,2020,9750153
792,Hungary,2021,9710107
793,Iceland,1950,142660
794,Iceland,1951,145417
795,Iceland,1952,147762
796,Iceland,1953,150746
797,Iceland,1954,154272
798,Iceland,1955,157759
799,Iceland,1956,161097
800,Iceland,1957,164766
801,Iceland,1958,168490
802,Iceland,1959,172013
803,Iceland,1960,175573
804,Iceland,1961,179028
805,Iceland,1962,182376
806,Iceland,1963,185648
807,Iceland,1964,188983
808,Iceland,1965,192285
809,Iceland,1966,195568
810,Iceland,1967,198757
811,Iceland,1968,201487
812,Iceland,1969,203370
813,Iceland,1970,204438
814,Iceland,1971,206099
815,Iceland,1972,209137
816,Iceland,1973,212316
817,Iceland,1974,215206
818,Iceland,1975,217974
819,Iceland,1976,220151
820,Iceland,1977,221801
821,Iceland,1978,223537
822,Iceland,1979,225734
823,Iceland,1980,228133
824,Iceland,1981,230757
825,Iceland,1982,233855
826,Iceland,1983,236976
827,Iceland,1984,239506
828,Iceland,1985,241409
829,Iceland,1986,243187
830,Iceland,1987,245864
831,Iceland,1988,249734
832,Iceland,1989,252851
833,Iceland,1990,254820
834,Iceland,1991,257795
835,Iceland,1992,261053
836,Iceland,1993,263730
837,Iceland,1994,266021
838,Iceland,1995,267467
839,Iceland,1996,268918
840,Iceland,1997,271130
841,Iceland,1998,274049
842,Iceland,1999,277384
843,Iceland,2000,281200
844,Iceland,2001,284970
845,Iceland,2002,287516
846,Iceland,2003,289522
847,Iceland,2004,292077
848,Iceland,2005,296734
849,Iceland,2006,303784
850,Iceland,2007,311567
851,Iceland,2008,317404
852,Iceland,2009,318501
853,Iceland,2010,318044
854,Iceland,2011,319011
855,Iceland,2012,320723
856,Iceland,2013,323763
857,Iceland,2014,327379
858,Iceland,2015,330818
859,Iceland,2016,335435
860,Iceland,2017,343399
861,Iceland,2018,352722
862,Iceland,2019,360558
863,Iceland,2020,366462
864,Iceland,2021,372523
865,Ireland,1950,2969000
866,Ireland,1951,2960600
867,Ireland,1952,2952900
868,Ireland,1953,2949000
869,Ireland,1954,2941200
870,Ireland,1955,2920900
871,Ireland,1956,2898500
872,Ireland,1957,2885300
873,Ireland,1958,2852700
874,Ireland,1959,2845600
875,Ireland,1960,2832100
876,Ireland,1961,2818300
877,Ireland,1962,2830100
878,Ireland,1963,2850000
879,Ireland,1964,2863800
880,Ireland,1965,2875800
881,Ireland,1966,2884000
882,Ireland,1967,2899700
883,Ireland,1968,2912200
884,Ireland,1969,2925200
885,Ireland,1970,2949900
886,Ireland,1971,2978200
887,Ireland,1972,3024400
888,Ireland,1973,3073000
889,Ireland,1974,3123900
890,Ireland,1975,3177200
891,Ireland,1976,3227800
892,Ireland,1977,3271900
893,Ireland,1978,3314000
894,Ireland,1979,3368200
895,Ireland,1980,3401000
896,Ireland,1981,3443400
897,Ireland,1982,3480000
898,Ireland,1983,3504000
899,Ireland,1984,3529000
900,Ireland,1985,3540000
901,Ireland,1986,3540600
902,Ireland,1987,3546500
903,Ireland,1988,3530700
904,Ireland,1989,3509500
905,Ireland,1990,3505800
906,Ireland,1991,3525700
907,Ireland,1992,3554500
908,Ireland,1993,3574100
909,Ireland,1994,3585900
910,Ireland,1995,3601300
911,Ireland,1996,3626087
912,Ireland,1997,3664313
913,Ireland,1998,3703082
914,Ireland,1999,3741647
915,Ireland,2000,3789536
916,Ireland,2001,3847198
917,Ireland,2002,3917203
918,Ireland,2003,3979853
919,Ireland,2004,4045188
920,Ireland,2005,4133839
921,Ireland,2006,4232929
922,Ireland,2007,4375842
923,Ireland,2008,4485070
924,Ireland,2009,4533395
925,Ireland,2010,4554763
926,Ireland,2011,4574888
927,Ireland,2012,4593697
928,Ireland,2013,4614669
929,Ireland,2014,4645440
930,Ireland,2015,4687787
931,Ireland,2016,4739597
932,Ireland,2017,4792490
933,Ireland,2018,4857015
934,Ireland,2019,4921496
935,Ireland,2020,4977443
936,Ireland,2021,5011460
937,Italy,1950,47104001
938,Italy,1951,47407195
939,Italy,1952,47665530
940,Italy,1953,47957348
941,Italy,1954,48299578
942,Italy,1955,48632556
943,Italy,1956,48921093
944,Italy,1957,49183204
945,Italy,1958,49476429
946,Italy,1959,49832779
947,Italy,1960,50199634
948,Italy,1961,50536309
949,Italy,1962,50879432
950,Italy,1963,51251937
951,Italy,1964,51675294
952,Italy,1965,52112336
953,Italy,1966,52518925
954,Italy,1967,52900443
955,Italy,1968,53235691
956,Italy,1969,53537796
957,Italy,1970,53821798
958,Italy,1971,54073525
959,Italy,1972,54381345
960,Italy,1973,54751405
961,Italy,1974,55110870
962,Italy,1975,55440999
963,Italy,1976,55718266
964,Italy,1977,55955407
965,Italy,1978,56155142
966,Italy,1979,56317750
967,Italy,1980,56433876
968,Italy,1981,56501674
969,Italy,1982,56543539
970,Italy,1983,56564076
971,Italy,1984,56576719
972,Italy,1985,56593070
973,Italy,1986,56596157
974,Italy,1987,56601936
975,Italy,1988,56629290
976,Italy,1989,56671778
977,Italy,1990,56719239
978,Italy,1991,56758522
979,Italy,1992,56797078
980,Italy,1993,56831823
981,Italy,1994,56843400
982,Italy,1995,56844301
983,Italy,1996,56860279
984,Italy,1997,56890371
985,Italy,1998,56906744
986,Italy,1999,56916316
987,Italy,2000,56942108
988,Italy,2001,56976976
989,Italy,2002,57089823
990,Italy,2003,57399187
991,Italy,2004,57828178
992,Italy,2005,58166684
993,Italy,2006,58399863
994,Italy,2007,58756247
995,Italy,2008,59211183
996,Italy,2009,59555456
997,Italy,2010,59819402
998,Italy,2011,60026844
999,Italy,2012,60191243
1000,Italy,2013,60311616
1001,Italy,2014,60320708
1002,Italy,2015,60229599
1003,Italy,2016,60115220
1004,Italy,2017,60002254
1005,Italy,2018,59877216
1006,Italy,2019,59729077
1007,Italy,2020,59438845
1008,Italy,2021,59109666
1009,Japan,1950,84109139
1010,Japan,1951,85475000
1011,Japan,1952,86765900
1012,Japan,1953,87955300
1013,Japan,1954,89026700
1014,Japan,1955,90076594
1015,Japan,1956,90992000
1016,Japan,1957,91763000
1017,Japan,1958,92621000
1018,Japan,1959,93514000
1019,Japan,1960,94301623
1020,Japan,1961,95181000
1021,Japan,1962,96087000
1022,Japan,1963,97075000
1023,Japan,1964,98110000
1024,Japan,1965,99209137
1025,Japan,1966,99978000
1026,Japan,1967,101145000
1027,Japan,1968,102287000
1028,Japan,1969,103491000
1029,Japan,1970,104665171
1030,Japan,1971,106100000
1031,Japan,1972,107595000
1032,Japan,1973,109104000
1033,Japan,1974,110573000
1034,Japan,1975,111939643
1035,Japan,1976,113094000
1036,Japan,1977,114165000
1037,Japan,1978,115190000
1038,Japan,1979,116155000
1039,Japan,1980,117060396
1040,Japan,1981,117902000
1041,Japan,1982,118728000
1042,Japan,1983,119536000
1043,Japan,1984,120305000
1044,Japan,1985,121048923
1045,Japan,1986,121660000
1046,Japan,1987,122239000
1047,Japan,1988,122745000
1048,Japan,1989,123205000
1049,Japan,1990,123611167
1050,Japan,1991,124101000
1051,Japan,1992,124567000
1052,Japan,1993,124938000
1053,Japan,1994,125265000
1054,Japan,1995,125570246
1055,Japan,1996,125864000
1056,Japan,1997,126166000
1057,Japan,1998,126486000
1058,Japan,1999,126686000
1059,Japan,2000,126925843
1060,Japan,2001,127291000
1061,Japan,2002,127435000
1062,Japan,2003,127619000
1063,Japan,2004,127687000
1064,Japan,2005,127767994
1065,Japan,2006,127900515
1066,Japan,2007,128032743
1067,Japan,2008,128083960
1068,Japan,2009,128031514
1069,Japan,2010,128057352
1070,Japan,2011,127834233
1071,Japan,2012,127592657
1072,Japan,2013,127413888
1073,Japan,2014,127237150
1074,Japan,2015,127094745
1075,Japan,2016,126932772
1076,Japan,2017,126706210
1077,Japan,2018,126443180
1078,Japan,2019,126166948
1079,Japan,2020,126146099
1080,Japan,2021,125502290
1153,Luxembourg,1950,296005
1154,Luxembourg,1951,297593
1155,Luxembourg,1952,299500
1156,Luxembourg,1953,301507
1157,Luxembourg,1954,303449
1158,Luxembourg,1955,305262
1159,Luxembourg,1956,306938
1160,Luxembourg,1957,308562
1161,Luxembourg,1958,310258
1162,Luxembourg,1959,312219
1163,Luxembourg,1960,314585
1164,Luxembourg,1961,317438
1165,Luxembourg,1962,320699
1166,Luxembourg,1963,324129
1167,Luxembourg,1964,327360
1168,Luxembourg,1965,330160
1169,Luxembourg,1966,332423
1170,Luxembourg,1967,334234
1171,Luxembourg,1968,335829
1172,Luxembourg,1969,337568
1173,Luxembourg,1970,339174
1174,Luxembourg,1971,342415
1175,Luxembourg,1972,346600
1176,Luxembourg,1973,350450
1177,Luxembourg,1974,355049
1178,Luxembourg,1975,358951
1179,Luxembourg,1976,360728
1180,Luxembourg,1977,361356
1181,Luxembourg,1978,362010
1182,Luxembourg,1979,362856
1183,Luxembourg,1980,364152
1184,Luxembourg,1981,365219
1185,Luxembourg,1982,365525
1186,Luxembourg,1983,365621
1187,Luxembourg,1984,365997
1188,Luxembourg,1985,366707
1189,Luxembourg,1986,368354
1190,Luxembourg,1987,370751
1191,Luxembourg,1988,373450
1192,Luxembourg,1989,377095
1193,Luxembourg,1990,381857
1194,Luxembourg,1991,386999
1195,Luxembourg,1992,392171
1196,Luxembourg,1993,397481
1197,Luxembourg,1994,402921
1198,Luxembourg,1995,408625
1199,Luxembourg,1996,414228
1200,Luxembourg,1997,419440
1201,Luxembourg,1998,424699
1202,Luxembourg,1999,430475
1203,Luxembourg,2000,436303
1204,Luxembourg,2001,441522
1205,Luxembourg,2002,446166
1206,Luxembourg,2003,451626
1207,Luxembourg,2004,458098
1208,Luxembourg,2005,465152
1209,Luxembourg,2006,472641
1210,Luxembourg,2007,479992
1211,Luxembourg,2008,488647
1212,Luxembourg,2009,497783
1213,Luxembourg,2010,506953
1214,Luxembourg,2011,518351
1215,Luxembourg,2012,530952
1216,Luxembourg,2013,543358
1217,Luxembourg,2014,556322
1218,Luxembourg,2015,569605
1219,Luxembourg,2016,583459
1220,Luxembourg,2017,596337
1221,Luxembourg,2018,607950
1222,Luxembourg,2019,620003
1223,Luxembourg,2020,630413
1224,Luxembourg,2021,640064
1225,Mexico,1950,27026573
1226,Mexico,1951,27780135
1227,Mexico,1952,28578641
1228,Mexico,1953,29418995
1229,Mexico,1954,30311877
1230,Mexico,1955,31272636
1231,Mexico,1956,32281478
1232,Mexico,1957,33337148
1233,Mexico,1958,34439604
1234,Mexico,1959,35591229
1235,Mexico,1960,36786543
1236,Mexico,1961,38025871
1237,Mexico,1962,39306372
1238,Mexico,1963,40619346
1239,Mexico,1964,41970377
1240,Mexico,1965,43359231
1241,Mexico,1966,44779078
1242,Mexico,1967,46234469
1243,Mexico,1968,47720198
1244,Mexico,1969,49236362
1245,Mexico,1970,50778729
1246,Mexico,1971,52354238
1247,Mexico,1972,53973953
1248,Mexico,1973,55619995
1249,Mexico,1974,57293865
1250,Mexico,1975,58993234
1251,Mexico,1976,60702805
1252,Mexico,1977,62414539
1253,Mexico,1978,64131336
1254,Mexico,1979,65849531
1255,Mexico,1980,67561216
1256,Mexico,1981,69267849
1257,Mexico,1982,70973052
1258,Mexico,1983,72671675
1259,Mexico,1984,74359027
1260,Mexico,1985,76030535
1261,Mexico,1986,77689757
1262,Mexico,1987,79339498
1263,Mexico,1988,80970606
1264,Mexico,1989,82579032
1265,Mexico,1990,84169571
1266,Mexico,1991,85748742
1267,Mexico,1992,87312337
1268,Mexico,1993,88850856
1269,Mexico,1994,90362709
1270,Mexico,1995,91843905
1271,Mexico,1996,93294783
1272,Mexico,1997,94720541
1273,Mexico,1998,96116960
1274,Mexico,1999,97482584
1275,Mexico,2000,98785275
1276,Mexico,2001,100105299
1277,Mexico,2002,101493987
1278,Mexico,2003,102890474
1279,Mexico,2004,104272444
1280,Mexico,2005,105669369
1281,Mexico,2006,107155391
1282,Mexico,2007,108744845
1283,Mexico,2008,110405454
1284,Mexico,2009,112095388
1285,Mexico,2010,113748671
1286,Mexico,2011,115367452
1287,Mexico,2012,116935670
1288,Mexico,2013,118453929
1289,Mexico,2014,119936411
1290,Mexico,2015,121347800
1291,Mexico,2016,122715165
1292,Mexico,2017,124041731
1293,Mexico,2018,125327797
1294,Mexico,2019,126577691
1295,Mexico,2020,127792286
1296,Mexico,2021,128972439
1297,Netherlands,1950,10113528
1298,Netherlands,1951,10264309
1299,Netherlands,1952,10381980
1300,Netherlands,1953,10493184
1301,Netherlands,1954,10615385
1302,Netherlands,1955,10750840
1303,Netherlands,1956,10889358
1304,Netherlands,1957,11026384
1305,Netherlands,1958,11186878
1306,Netherlands,1959,11347635
1307,Netherlands,1960,11486630
1308,Netherlands,1961,11638709
1309,Netherlands,1962,11805690
1310,Netherlands,1963,11965967
1311,Netherlands,1964,12127116
1312,Netherlands,1965,12294732
1313,Netherlands,1966,12456254
1314,Netherlands,1967,12598202
1315,Netherlands,1968,12729717
1316,Netherlands,1969,12877984
1317,Netherlands,1970,13038523
1318,Netherlands,1971,13194497
1319,Netherlands,1972,13328595
1320,Netherlands,1973,13439325
1321,Netherlands,1974,13545054
1322,Netherlands,1975,13666329
1323,Netherlands,1976,13774037
1324,Netherlands,1977,13856188
1325,Netherlands,1978,13941702
1326,Netherlands,1979,14038270
1327,Netherlands,1980,14149799
1328,Netherlands,1981,14247217
1329,Netherlands,1982,14312689
1330,Netherlands,1983,14367066
1331,Netherlands,1984,14424211
1332,Netherlands,1985,14491629
1333,Netherlands,1986,14572280
1334,Netherlands,1987,14665037
1335,Netherlands,1988,14760092
1336,Netherlands,1989,14848906
1337,Netherlands,1990,14951510
1338,Netherlands,1991,15069799
1339,Netherlands,1992,15184163
1340,Netherlands,1993,15290368
1341,Netherlands,1994,15382834
1342,Netherlands,1995,15459004
1343,Netherlands,1996,15530500
1344,Netherlands,1997,15610650
1345,Netherlands,1998,15707205
1346,Netherlands,1999,15812085
1347,Netherlands,2000,15925505
1348,Netherlands,2001,16046182
1349,Netherlands,2002,16148921
1350,Netherlands,2003,16225303
1351,Netherlands,2004,16281777
1352,Netherlands,2005,16319871
1353,Netherlands,2006,16346096
1354,Netherlands,2007,16381696
1355,Netherlands,2008,16445590
1356,Netherlands,2009,16530387
1357,Netherlands,2010,16615390
1358,Netherlands,2011,16693074
1359,Netherlands,2012,16754963
1360,Netherlands,2013,16804430
1361,Netherlands,2014,16865008
1362,Netherlands,2015,16939925
1363,Netherlands,2016,17030314
1364,Netherlands,2017,17131295
1365,Netherlands,2018,17231622
1366,Netherlands,2019,17344876
1367,Netherlands,2020,17441500
1368,Netherlands,2021,17533406
1369,New Zealand,1950,1909835
1370,New Zealand,1951,1949185
1371,New Zealand,1952,1997720
1372,New Zealand,1953,2049740
1373,New Zealand,1954,2096610
1374,New Zealand,1955,2141610
1375,New Zealand,1956,2187055
1376,New Zealand,1957,2236105
1377,New Zealand,1958,2289440
1378,New Zealand,1959,2337880
1379,New Zealand,1960,2381670
1380,New Zealand,1961,2432380
1381,New Zealand,1962,2488530
1382,New Zealand,1963,2541415
1383,New Zealand,1964,2591965
1384,New Zealand,1965,2640400
1385,New Zealand,1966,2687580
1386,New Zealand,1967,2728115
1387,New Zealand,1968,2758885
1388,New Zealand,1969,2788435
1389,New Zealand,1970,2828020
1390,New Zealand,1971,2875305
1391,New Zealand,1972,2929135
1392,New Zealand,1973,2992335
1393,New Zealand,1974,3058435
1394,New Zealand,1975,3117765
1395,New Zealand,1976,3153535
1396,New Zealand,1977,3164830
1397,New Zealand,1978,3165705
1398,New Zealand,1979,3164620
1399,New Zealand,1980,3170245
1400,New Zealand,1981,3185460
1401,New Zealand,1982,3210645
1402,New Zealand,1983,3245770
1403,New Zealand,1984,3278850
1404,New Zealand,1985,3298050
1405,New Zealand,1986,3308310
1406,New Zealand,1987,3327785
1407,New Zealand,1988,3343680
1408,New Zealand,1989,3357535
1409,New Zealand,1990,3390085
1410,New Zealand,1991,3495100
1411,New Zealand,1992,3531700
1412,New Zealand,1993,3572200
1413,New Zealand,1994,3620100
1414,New Zealand,1995,3673400
1415,New Zealand,1996,3732000
1416,New Zealand,1997,3781300
1417,New Zealand,1998,3815000
1418,New Zealand,1999,3835100
1419,New Zealand,2000,3857700
1420,New Zealand,2001,3880500
1421,New Zealand,2002,3948500
1422,New Zealand,2003,4027200
1423,New Zealand,2004,4087500
1424,New Zealand,2005,4133900
1425,New Zealand,2006,4184600
1426,New Zealand,2007,4223800
1427,New Zealand,2008,4259800
1428,New Zealand,2009,4302600
1429,New Zealand,2010,4350700
1430,New Zealand,2011,4384000
1431,New Zealand,2012,4408100
1432,New Zealand,2013,4442100
1433,New Zealand,2014,4516500
1434,New Zealand,2015,4609400
1435,New Zealand,2016,4714100
1436,New Zealand,2017,4813600
1437,New Zealand,2018,4900600
1438,New Zealand,2019,4979200
1439,New Zealand,2020,5090200
1440,New Zealand,2021,5112800
1441,Norway,1950,3265127
1442,Norway,1951,3295871
1443,Norway,1952,3327736
1444,Norway,1953,3360892
1445,Norway,1954,3394243
1446,Norway,1955,3428210
1447,Norway,1956,3460779
1448,Norway,1957,3491935
1449,Norway,1958,3522996
1450,Norway,1959,3552852
1451,Norway,1960,3581241
1452,Norway,1961,3609801
1453,Norway,1962,3638921
1454,Norway,1963,3666538
1455,Norway,1964,3694339
1456,Norway,1965,3723172
1457,Norway,1966,3753013
1458,Norway,1967,3784533
1459,Norway,1968,3816488
1460,Norway,1969,3847710
1461,Norway,1970,3875757
1462,Norway,1971,3903034
1463,Norway,1972,3933001
1464,Norway,1973,3960614
1465,Norway,1974,3985262
1466,Norway,1975,4007319
1467,Norway,1976,4026151
1468,Norway,1977,4043204
1469,Norway,1978,4058674
1470,Norway,1979,4072514
1471,Norway,1980,4085620
1472,Norway,1981,4099703
1473,Norway,1982,4114786
1474,Norway,1983,4128434
1475,Norway,1984,4140098
1476,Norway,1985,4152518
1477,Norway,1986,4167357
1478,Norway,1987,4186905
1479,Norway,1988,4209489
1480,Norway,1989,4226909
1481,Norway,1990,4241476
1482,Norway,1991,4261738
1483,Norway,1992,4286397
1484,Norway,1993,4311984
1485,Norway,1994,4336614
1486,Norway,1995,4359187
1487,Norway,1996,4381339
1488,Norway,1997,4405158
1489,Norway,1998,4431465
1490,Norway,1999,4461915
1491,Norway,2000,4490973
1492,Norway,2001,4513747
1493,Norway,2002,4538157
1494,Norway,2003,4564856
1495,Norway,2004,4591909
1496,Norway,2005,4623293
1497,Norway,2006,4660673
1498,Norway,2007,4709156
1499,Norway,2008,4768215
1500,Norway,2009,4828716
1501,Norway,2010,4889253
1502,Norway,2011,4953089
1503,Norway,2012,5018574
1504,Norway,2013,5080171
1505,Norway,2014,5137427
1506,Norway,2015,5189898
1507,Norway,2016,5236152
1508,Norway,2017,5276965
1509,Norway,2018,5311916
1510,Norway,2019,5347893
1511,Norway,2020,5379472
1512,Norway,2021,5408320
1513,Poland,1950,24824007
1514,Poland,1951,25283013
1515,Poland,1952,25764322
1516,Poland,1953,26260482
1517,Poland,1954,26764490
1518,Poland,1955,27269742
1519,Poland,1956,27770044
1520,Poland,1957,28259605
1521,Poland,1958,28733123
1522,Poland,1959,29185902
1523,Poland,1960,29405729
1524,Poland,1961,29965300
1525,Poland,1962,30323900
1526,Poland,1963,30690900
1527,Poland,1964,31161200
1528,Poland,1965,31495900
1529,Poland,1966,31698000
1530,Poland,1967,31943900
1531,Poland,1968,32304800
1532,Poland,1969,32555100
1533,Poland,1970,32642270
1534,Poland,1971,32749400
1535,Poland,1972,33068000
1536,Poland,1973,33362700
1537,Poland,1974,33691008
1538,Poland,1975,34022130
1539,Poland,1976,34362133
1540,Poland,1977,34697576
1541,Poland,1978,35009862
1542,Poland,1979,35256645
1543,Poland,1980,35578019
1544,Poland,1981,35901961
1545,Poland,1982,36227381
1546,Poland,1983,36571418
1547,Poland,1984,36913515
1548,Poland,1985,37202981
1549,Poland,1986,37455681
1550,Poland,1987,37663756
1551,Poland,1988,37862063
1552,Poland,1989,37962808
1553,Poland,1990,38030500
1554,Poland,1991,38108500
1555,Poland,1992,38173500
1556,Poland,1993,38221000
1557,Poland,1994,38252000
1558,Poland,1995,38274500
1559,Poland,1996,38289000
1560,Poland,1997,38292000
1561,Poland,1998,38283500
1562,Poland,1999,38270000
1563,Poland,2000,38258478
1564,Poland,2001,38248076
1565,Poland,2002,38232301
1566,Poland,2003,38195177
1567,Poland,2004,38180249
1568,Poland,2005,38161313
1569,Poland,2006,38132277
1570,Poland,2007,38115967
1571,Poland,2008,38115909
1572,Poland,2009,38153389
1573,Poland,2010,38516689
1574,Poland,2011,38525670
1575,Poland,2012,38533789
1576,Poland,2013,38502396
1577,Poland,2014,38483957
1578,Poland,2015,38454576
1579,Poland,2016,38426809
1580,Poland,2017,38422346
1581,Poland,2018,38413139
1582,Poland,2019,38386476
1583,Poland,2020,38354173
1584,Poland,2021,38162224
1585,Portugal,1950,8439171
1586,Portugal,1951,8493316
1587,Portugal,1952,8556085
1588,Portugal,1953,8581255
1589,Portugal,1954,8605700
1590,Portugal,1955,8640325
1591,Portugal,1956,8683020
1592,Portugal,1957,8712675
1593,Portugal,1958,8749935
1594,Portugal,1959,8800845
1595,Portugal,1960,8857716
1596,Portugal,1961,8929316
1597,Portugal,1962,8993985
1598,Portugal,1963,9030355
1599,Portugal,1964,9035365
1600,Portugal,1965,8998595
1601,Portugal,1966,8930990
1602,Portugal,1967,8874520
1603,Portugal,1968,8836650
1604,Portugal,1969,8757705
1605,Portugal,1970,8680431
1606,Portugal,1971,8643755
1607,Portugal,1972,8630430
1608,Portugal,1973,8633100
1609,Portugal,1974,8754362
1610,Portugal,1975,9093471
1611,Portugal,1976,9355812
1612,Portugal,1977,9455672
1613,Portugal,1978,9558248
1614,Portugal,1979,9661264
1615,Portugal,1980,9766275
1616,Portugal,1981,9851325
1617,Portugal,1982,9911770
1618,Portugal,1983,9957865
1619,Portugal,1984,9996232
1620,Portugal,1985,10023613
1621,Portugal,1986,10032734
1622,Portugal,1987,10030030
1623,Portugal,1988,10019610
1624,Portugal,1989,10005000
1625,Portugal,1990,9983218
1626,Portugal,1991,9960235
1627,Portugal,1992,9952494
1628,Portugal,1993,9964674
1629,Portugal,1994,9991525
1630,Portugal,1995,10026176
1631,Portugal,1996,10063944
1632,Portugal,1997,10108977
1633,Portugal,1998,10160196
1634,Portugal,1999,10217828
1635,Portugal,2000,10289898
1636,Portugal,2001,10362722
1637,Portugal,2002,10419630
1638,Portugal,2003,10458821
1639,Portugal,2004,10483861
1640,Portugal,2005,10503330
1641,Portugal,2006,10522288
1642,Portugal,2007,10542964
1643,Portugal,2008,10558176
1644,Portugal,2009,10568246
1645,Portugal,2010,10573100
1646,Portugal,2011,10557560
1647,Portugal,2012,10514844
1648,Portugal,2013,10457295
1649,Portugal,2014,10401062
1650,Portugal,2015,10358076
1651,Portugal,2016,10325452
1652,Portugal,2017,10300300
1653,Portugal,2018,10283822
1654,Portugal,2019,10286263
1655,Portugal,2020,10297080
1656,Portugal,2021,10297876
1657,Slovak Republic,1950,3463446
1658,Slovak Republic,1951,3508698
1659,Slovak Republic,1952,3558137
1660,Slovak Republic,1953,3598761
1661,Slovak Republic,1954,3661437
1662,Slovak Republic,1955,3726601
1663,Slovak Republic,1956,3787111
1664,Slovak Republic,1957,3844277
1665,Slovak Republic,1958,3899751
1666,Slovak Republic,1959,3946039
1667,Slovak Republic,1960,3994270
1668,Slovak Republic,1961,4191977
1669,Slovak Republic,1962,4238056
1670,Slovak Republic,1963,4282865
1671,Slovak Republic,1964,4327949
1672,Slovak Republic,1965,4373595
1673,Slovak Republic,1966,4413853
1674,Slovak Republic,1967,4450880
1675,Slovak Republic,1968,4483656
1676,Slovak Republic,1969,4518773
1677,Slovak Republic,1970,4528459
1678,Slovak Republic,1971,4559341
1679,Slovak Republic,1972,4596330
1680,Slovak Republic,1973,4640673
1681,Slovak Republic,1974,4691014
1682,Slovak Republic,1975,4739301
1683,Slovak Republic,1976,4789452
1684,Slovak Republic,1977,4840819
1685,Slovak Republic,1978,4891673
1686,Slovak Republic,1979,4940223
1687,Slovak Republic,1980,4984331
1688,Slovak Republic,1981,5017032
1689,Slovak Republic,1982,5054770
1690,Slovak Republic,1983,5091537
1691,Slovak Republic,1984,5127719
1692,Slovak Republic,1985,5161789
1693,Slovak Republic,1986,5192789
1694,Slovak Republic,1987,5223609
1695,Slovak Republic,1988,5251120
1696,Slovak Republic,1989,5276186
1697,Slovak Republic,1990,5297774
1698,Slovak Republic,1991,5283404
1699,Slovak Republic,1992,5306539
1700,Slovak Republic,1993,5324632
1701,Slovak Republic,1994,5347413
1702,Slovak Republic,1995,5363676
1703,Slovak Republic,1996,5373793
1704,Slovak Republic,1997,5383233
1705,Slovak Republic,1998,5390866
1706,Slovak Republic,1999,5395324
1707,Slovak Republic,2000,5400679
1708,Slovak Republic,2001,5379780
1709,Slovak Republic,2002,5378809
1710,Slovak Republic,2003,5378950
1711,Slovak Republic,2004,5382574
1712,Slovak Republic,2005,5387285
1713,Slovak Republic,2006,5391184
1714,Slovak Republic,2007,5397766
1715,Slovak Republic,2008,5406972
1716,Slovak Republic,2009,5418374
1717,Slovak Republic,2010,5431024
1718,Slovak Republic,2011,5398384
1719,Slovak Republic,2012,5407579
1720,Slovak Republic,2013,5413392
1721,Slovak Republic,2014,5418649
1722,Slovak Republic,2015,5423800
1723,Slovak Republic,2016,5430798
1724,Slovak Republic,2017,5439232
1725,Slovak Republic,2018,5446770
1726,Slovak Republic,2019,5454147
1727,Slovak Republic,2020,5458827
1728,Slovak Republic,2021,5441991
1729,Spain,1950,28069734
1730,Spain,1951,28219620
1731,Spain,1952,28399033
1732,Spain,1953,28600360
1733,Spain,1954,28818012
1734,Spain,1955,29048392
1735,Spain,1956,29290079
1736,Spain,1957,29543626
1737,Spain,1958,29811311
1738,Spain,1959,30096577
1739,Spain,1960,30402413
1740,Spain,1961,30729650
1741,Spain,1962,31023366
1742,Spain,1963,31296651
1743,Spain,1964,31609195
1744,Spain,1965,31954292
1745,Spain,1966,32283194
1746,Spain,1967,32682947
1747,Spain,1968,33113135
1748,Spain,1969,33441054
1749,Spain,1970,33752818
1750,Spain,1971,34216274
1751,Spain,1972,34571714
1752,Spain,1973,34921497
1753,Spain,1974,35287558
1754,Spain,1975,35687714
1755,Spain,1976,36118035
1756,Spain,1977,36563834
1757,Spain,1978,36971471
1758,Spain,1979,37289006
1759,Spain,1980,37526911
1760,Spain,1981,37764458
1761,Spain,1982,37987108
1762,Spain,1983,38160263
1763,Spain,1984,38325244
1764,Spain,1985,38467025
1765,Spain,1986,38571941
1766,Spain,1987,38682322
1767,Spain,1988,38764307
1768,Spain,1989,38821377
1769,Spain,1990,38860827
1770,Spain,1991,38941622
1771,Spain,1992,39147940
1772,Spain,1993,39356082
1773,Spain,1994,39547353
1774,Spain,1995,39718895
1775,Spain,1996,39884246
1776,Spain,1997,40049974
1777,Spain,1998,40214066
1778,Spain,1999,40369667
1779,Spain,2000,40554387
1780,Spain,2001,40766049
1781,Spain,2002,41423520
1782,Spain,2003,42196231
1783,Spain,2004,42859172
1784,Spain,2005,43662613
1785,Spain,2006,44360521
1786,Spain,2007,45236004
1787,Spain,2008,45983169
1788,Spain,2009,46367550
1789,Spain,2010,46562483
1790,Spain,2011,46736257
1791,Spain,2012,46766403
1792,Spain,2013,46593236
1793,Spain,2014,46455123
1794,Spain,2015,46410149
1795,Spain,2016,46449874
1796,Spain,2017,46532869
1797,Spain,2018,46728814
1798,Spain,2019,47105358
1799,Spain,2020,47355685
1800,Spain,2021,47326687
1801,Sweden,1950,7016496
1802,Sweden,1951,7072824
1803,Sweden,1952,7124675
1804,Sweden,1953,7171458
1805,Sweden,1954,7213487
1806,Sweden,1955,7262384
1807,Sweden,1956,7315622
1808,Sweden,1957,7366998
1809,Sweden,1958,7414468
1810,Sweden,1959,7453705
1811,Sweden,1960,7484655
1812,Sweden,1961,7519998
1813,Sweden,1962,7561582
1814,Sweden,1963,7604326
1815,Sweden,1964,7661351
1816,Sweden,1965,7733852
1817,Sweden,1966,7807795
1818,Sweden,1967,7867942
1819,Sweden,1968,7911980
1820,Sweden,1969,7967732
1821,Sweden,1970,8042706
1822,Sweden,1971,8098145
1823,Sweden,1972,8122154
1824,Sweden,1973,8136779
1825,Sweden,1974,8160562
1826,Sweden,1975,8192567
1827,Sweden,1976,8222309
1828,Sweden,1977,8251653
1829,Sweden,1978,8275775
1830,Sweden,1979,8293728
1831,Sweden,1980,8310477
1832,Sweden,1981,8320482
1833,Sweden,1982,8325260
1834,Sweden,1983,8329025
1835,Sweden,1984,8336595
1836,Sweden,1985,8350378
1837,Sweden,1986,8369824
1838,Sweden,1987,8397797
1839,Sweden,1988,8436483
1840,Sweden,1989,8492959
1841,Sweden,1990,8558834
1842,Sweden,1991,8617376
1843,Sweden,1992,8668065
1844,Sweden,1993,8718558
1845,Sweden,1994,8780741
1846,Sweden,1995,8826944
1847,Sweden,1996,8840999
1848,Sweden,1997,8846059
1849,Sweden,1998,8850975
1850,Sweden,1999,8857879
1851,Sweden,2000,8872112
1852,Sweden,2001,8895963
1853,Sweden,2002,8924960
1854,Sweden,2003,8958232
1855,Sweden,2004,8993534
1856,Sweden,2005,9029567
1857,Sweden,2006,9080506
1858,Sweden,2007,9148093
1859,Sweden,2008,9219639
1860,Sweden,2009,9298512
1861,Sweden,2010,9378131
1862,Sweden,2011,9449216
1863,Sweden,2012,9519379
1864,Sweden,2013,9600374
1865,Sweden,2014,9696105
1866,Sweden,2015,9799183
1867,Sweden,2016,9923086
1868,Sweden,2017,10057695
1869,Sweden,2018,10175215
1870,Sweden,2019,10278888
1871,Sweden,2020,10353444
1872,Sweden,2021,10415812
1873,Switzerland,1950,4692704
1874,Switzerland,1951,4748057
1875,Switzerland,1952,4811514
1876,Switzerland,1953,4875565
1877,Switzerland,1954,4938609
1878,Switzerland,1955,5001962
1879,Switzerland,1956,5065497
1880,Switzerland,1957,5130046
1881,Switzerland,1958,5196395
1882,Switzerland,1959,5262793
1883,Switzerland,1960,5327872
1884,Switzerland,1961,5434294
1885,Switzerland,1962,5573815
1886,Switzerland,1963,5694247
1887,Switzerland,1964,5789228
1888,Switzerland,1965,5856472
1889,Switzerland,1966,5918002
1890,Switzerland,1967,5991785
1891,Switzerland,1968,6067714
1892,Switzerland,1969,6136387
1893,Switzerland,1970,6180882
1894,Switzerland,1971,6213405
1895,Switzerland,1972,6260956
1896,Switzerland,1973,6307348
1897,Switzerland,1974,6341406
1898,Switzerland,1975,6338632
1899,Switzerland,1976,6302505
1900,Switzerland,1977,6281175
1901,Switzerland,1978,6281737
1902,Switzerland,1979,6294364
1903,Switzerland,1980,6319409
1904,Switzerland,1981,6354073
1905,Switzerland,1982,6391309
1906,Switzerland,1983,6418774
1907,Switzerland,1984,6441865
1908,Switzerland,1985,6470366
1909,Switzerland,1986,6504125
1910,Switzerland,1987,6545107
1911,Switzerland,1988,6593387
1912,Switzerland,1989,6646912
1913,Switzerland,1990,6712273
1914,Switzerland,1991,6799979
1915,Switzerland,1992,6875364
1916,Switzerland,1993,6938265
1917,Switzerland,1994,6993795
1918,Switzerland,1995,7040687
1919,Switzerland,1996,7071851
1920,Switzerland,1997,7088906
1921,Switzerland,1998,7110002
1922,Switzerland,1999,7143991
1923,Switzerland,2000,7184250
1924,Switzerland,2001,7226647
1925,Switzerland,2002,7284754
1926,Switzerland,2003,7339002
1927,Switzerland,2004,7389626
1928,Switzerland,2005,7437116
1929,Switzerland,2006,7483935
1930,Switzerland,2007,7551117
1931,Switzerland,2008,7647676
1932,Switzerland,2009,7743832
1933,Switzerland,2010,7824910
1934,Switzerland,2011,7912396
1935,Switzerland,2012,7996861
1936,Switzerland,2013,8089346
1937,Switzerland,2014,8188646
1938,Switzerland,2015,8282398
1939,Switzerland,2016,8373334
1940,Switzerland,2017,8451834
1941,Switzerland,2018,8514327
1942,Switzerland,2019,8575280
1943,Switzerland,2020,8638170
1944,Switzerland,2021,8701914
1945,Turkey,1950,20807000
1946,Turkey,1951,21351000
1947,Turkey,1952,21952000
1948,Turkey,1953,22569000
1949,Turkey,1954,23204000
1950,Turkey,1955,23857000
1951,Turkey,1956,24540000
1952,Turkey,1957,25250000
1953,Turkey,1958,25981000
1954,Turkey,1959,26733000
1955,Turkey,1960,27506000
1956,Turkey,1961,28227000
1957,Turkey,1962,28931000
1958,Turkey,1963,29652000
1959,Turkey,1964,30391000
1960,Turkey,1965,31149000
1961,Turkey,1966,31936000
1962,Turkey,1967,32750000
1963,Turkey,1968,33586000
1964,Turkey,1969,34443000
1965,Turkey,1970,35321000
1966,Turkey,1971,36215000
1967,Turkey,1972,37133000
1968,Turkey,1973,38073000
1969,Turkey,1974,39037000
1970,Turkey,1975,40026000
1971,Turkey,1976,40916000
1972,Turkey,1977,41769000
1973,Turkey,1978,42641000
1974,Turkey,1979,43531000
1975,Turkey,1980,44439000
1976,Turkey,1981,45540000
1977,Turkey,1982,46688000
1978,Turkey,1983,47864000
1979,Turkey,1984,49070000
1980,Turkey,1985,50307000
1981,Turkey,1986,51480000
1982,Turkey,1987,52370000
1983,Turkey,1988,53268000
1984,Turkey,1989,54192000
1985,Turkey,1990,55120000
1986,Turkey,1991,56055000
1987,Turkey,1992,56986000
1988,Turkey,1993,57913000
1989,Turkey,1994,58837000
1990,Turkey,1995,59756000
1991,Turkey,1996,60671000
1992,Turkey,1997,61582000
1993,Turkey,1998,62464000
1994,Turkey,1999,63364000
1995,Turkey,2000,64268751
1996,Turkey,2001,65166330
1997,Turkey,2002,66002506
1998,Turkey,2003,66794551
1999,Turkey,2004,67598736
2000,Turkey,2005,68435380
2001,Turkey,2006,69295253
2002,Turkey,2007,70158112
2003,Turkey,2008,71051689
2004,Turkey,2009,72039215
2005,Turkey,2010,73142162
2006,Turkey,2011,74223642
2007,Turkey,2012,75175836
2008,Turkey,2013,76147634
2009,Turkey,2014,77181894
2010,Turkey,2015,78218488
2011,Turkey,2016,79277971
2012,Turkey,2017,80312708
2013,Turkey,2018,81407211
2014,Turkey,2019,82579448
2015,Turkey,2020,83384688
2016,Turkey,2021,84147326
2017,United Kingdom,1950,50373389
2018,United Kingdom,1951,50282336
2019,United Kingdom,1952,50443878
2020,United Kingdom,1953,50610712
2021,United Kingdom,1954,50784636
2022,United Kingdom,1955,50968092
2023,United Kingdom,1956,51208178
2024,United Kingdom,1957,51455520
2025,United Kingdom,1958,51680292
2026,United Kingdom,1959,51985360
2027,United Kingdom,1960,52448523
2028,United Kingdom,1961,52708934
2029,United Kingdom,1962,53341128
2030,United Kingdom,1963,53678200
2031,United Kingdom,1964,54065700
2032,United Kingdom,1965,54435700
2033,United Kingdom,1966,54654100
2034,United Kingdom,1967,54978400
2035,United Kingdom,1968,55282500
2036,United Kingdom,1969,55534000
2037,United Kingdom,1970,55710700
2038,United Kingdom,1971,55928013
2039,United Kingdom,1972,56096677
2040,United Kingdom,1973,56222893
2041,United Kingdom,1974,56235642
2042,United Kingdom,1975,56225718
2043,United Kingdom,1976,56216121
2044,United Kingdom,1977,56189910
2045,United Kingdom,1978,56178025
2046,United Kingdom,1979,56240053
2047,United Kingdom,1980,56329673
2048,United Kingdom,1981,56357464
2049,United Kingdom,1982,56290711
2050,United Kingdom,1983,56315677
2051,United Kingdom,1984,56409327
2052,United Kingdom,1985,56553955
2053,United Kingdom,1986,56683835
2054,United Kingdom,1987,56803958
2055,United Kingdom,1988,56916448
2056,United Kingdom,1989,57076451
2057,United Kingdom,1990,57237493
2058,United Kingdom,1991,57438658
2059,United Kingdom,1992,57584530
2060,United Kingdom,1993,57713889
2061,United Kingdom,1994,57862145
2062,United Kingdom,1995,58024799
2063,United Kingdom,1996,58164374
2064,United Kingdom,1997,58314249
2065,United Kingdom,1998,58474943
2066,United Kingdom,1999,58684427
2067,United Kingdom,2000,58886065
2068,United Kingdom,2001,59113016
2069,United Kingdom,2002,59365677
2070,United Kingdom,2003,59636662
2071,United Kingdom,2004,59950364
2072,United Kingdom,2005,60413276
2073,United Kingdom,2006,60827067
2074,United Kingdom,2007,61319075
2075,United Kingdom,2008,61823772
2076,United Kingdom,2009,62260486
2077,United Kingdom,2010,62759456
2078,United Kingdom,2011,63285145
2079,United Kingdom,2012,63705030
2080,United Kingdom,2013,64105654
2081,United Kingdom,2014,64596752
2082,United Kingdom,2015,65110034
2083,United Kingdom,2016,65648054
2084,United Kingdom,2017,66040229
2085,United Kingdom,2018,66435550
2086,United Kingdom,2019,66796807
2087,United Kingdom,2020,67081234
2088,United Kingdom,2021,67350695
2089,United States,1950,152271417
2090,United States,1951,154877889
2091,United States,1952,157552740
2092,United States,1953,160184192
2093,United States,1954,163025854
2094,United States,1955,165931202
2095,United States,1956,168903031
2096,United States,1957,171984130
2097,United States,1958,174881904
2098,United States,1959,177829628
2099,United States,1960,180671158
2100,United States,1961,183691481
2101,United States,1962,186537737
2102,United States,1963,189241798
2103,United States,1964,191888791
2104,United States,1965,194302963
2105,United States,1966,196560338
2106,United States,1967,198712056
2107,United States,1968,200706052
2108,United States,1969,202676946
2109,United States,1970,205052174
2110,United States,1971,207660677
2111,United States,1972,209896021
2112,United States,1973,211908788
2113,United States,1974,213853928
2114,United States,1975,215973199
2115,United States,1976,218035164
2116,United States,1977,220239425
2117,United States,1978,222584545
2118,United States,1979,225055487
2119,United States,1980,227224681
2120,United States,1981,229465714
2121,United States,1982,231664458
2122,United States,1983,233791994
2123,United States,1984,235824902
2124,United States,1985,237923795
2125,United States,1986,240132887
2126,United States,1987,242288918
2127,United States,1988,244498982
2128,United States,1989,246819230
2129,United States,1990,249622814
2130,United States,1991,252980941
2131,United States,1992,256514224
2132,United States,1993,259918588
2133,United States,1994,263125821
2134,United States,1995,266278393
2135,United States,1996,269394284
2136,United States,1997,272646925
2137,United States,1998,275854104
2138,United States,1999,279040168
2139,United States,2000,282162411
2140,United States,2001,284968955
2141,United States,2002,287625193
2142,United States,2003,290107933
2143,United States,2004,292805298
2144,United States,2005,295516599
2145,United States,2006,298379912
2146,United States,2007,301231207
2147,United States,2008,304093966
2148,United States,2009,306771529
2149,United States,2010,309327143
2150,United States,2011,311583481
2151,United States,2012,313877662
2152,United States,2013,316059947
2153,United States,2014,318386329
2154,United States,2015,320738994
2155,United States,2016,323071755
2156,United States,2017,325122128
2157,United States,2018,326838199
2158,United States,2019,328329953
2159,United States,2020,331501080
2160,United States,2021,331893745
2161,Brazil,1950,53974728
2162,Brazil,1951,55606413
2163,Brazil,1952,57283658
2164,Brazil,1953,58999276
2165,Brazil,1954,60749490
2166,Brazil,1955,62533920
2167,Brazil,1956,64355709
2168,Brazil,1957,66221469
2169,Brazil,1958,68140426
2170,Brazil,1959,70123372
2171,Brazil,1960,72179235
2172,Brazil,1961,74311338
2173,Brazil,1962,76514329
2174,Brazil,1963,78772647
2175,Brazil,1964,81064572
2176,Brazil,1965,83373533
2177,Brazil,1966,85696502
2178,Brazil,1967,88035815
2179,Brazil,1968,90387079
2180,Brazil,1969,92746607
2181,Brazil,1970,95113265
2182,Brazil,1971,97482928
2183,Brazil,1972,99859388
2184,Brazil,1973,102259497
2185,Brazil,1974,104706193
2186,Brazil,1975,107216209
2187,Brazil,1976,109790943
2188,Brazil,1977,112425392
2189,Brazil,1978,115121158
2190,Brazil,1979,117878412
2191,Brazil,1980,122081510
2192,Brazil,1981,124807167
2193,Brazil,1982,127604588
2194,Brazil,1983,130434274
2195,Brazil,1984,133238189
2196,Brazil,1985,135979454
2197,Brazil,1986,138662472
2198,Brazil,1987,141282564
2199,Brazil,1988,143851505
2200,Brazil,1989,146393753
2201,Brazil,1990,148935328
2202,Brazil,1991,151467861
2203,Brazil,1992,153973883
2204,Brazil,1993,156454116
2205,Brazil,1994,158910651
2206,Brazil,1995,161345581
2207,Brazil,1996,163767821
2208,Brazil,1997,166187066
2209,Brazil,1998,168606400
2210,Brazil,1999,171029011
2211,Brazil,2000,173765726
2212,Brazil,2001,176208646
2213,Brazil,2002,178499255
2214,Brazil,2003,180708344
2215,Brazil,2004,182865043
2216,Brazil,2005,184991143
2217,Brazil,2006,187061610
2218,Brazil,2007,189038268
2219,Brazil,2008,191010274
2220,Brazil,2009,192980905
2221,Brazil,2010,194890682
2222,Brazil,2011,196603732
2223,Brazil,2012,198314934
2224,Brazil,2013,200004188
2225,Brazil,2014,201717541
2226,Brazil,2015,203475683
2227,Brazil,2016,205156587
2228,Brazil,2017,206804741
2229,Brazil,2018,208494900
2230,Brazil,2019,210147125
2231,Brazil,2020,211755692
2232,Brazil,2021,213317639
2233,Chile,1950,6081931
2234,Chile,1951,6218333
2235,Chile,1952,6354736
2236,Chile,1953,6491137
2237,Chile,1954,6627540
2238,Chile,1955,6763940
2239,Chile,1956,6939809
2240,Chile,1957,7115675
2241,Chile,1958,7291542
2242,Chile,1959,7467409
2243,Chile,1960,7643277
2244,Chile,1961,7843945
2245,Chile,1962,8044614
2246,Chile,1963,8245284
2247,Chile,1964,8445953
2248,Chile,1965,8646622
2249,Chile,1966,8831223
2250,Chile,1967,9015825
2251,Chile,1968,9200427
2252,Chile,1969,9385028
2253,Chile,1970,9569631
2254,Chile,1971,9738347
2255,Chile,1972,9907065
2256,Chile,1973,10075782
2257,Chile,1974,10244501
2258,Chile,1975,10413219
2259,Chile,1976,10565409
2260,Chile,1977,10717600
2261,Chile,1978,10869791
2262,Chile,1979,11021982
2263,Chile,1980,11174173
2264,Chile,1981,11359773
2265,Chile,1982,11545372
2266,Chile,1983,11730972
2267,Chile,1984,11916572
2268,Chile,1985,12102174
2269,Chile,1986,12317494
2270,Chile,1987,12532815
2271,Chile,1988,12748135
2272,Chile,1989,12963457
2273,Chile,1990,13178782
2274,Chile,1991,13422010
2275,Chile,1992,13737062
2276,Chile,1993,13956766
2277,Chile,1994,14171821
2278,Chile,1995,14381249
2279,Chile,1996,14584947
2280,Chile,1997,14782706
2281,Chile,1998,14974898
2282,Chile,1999,15162353
2283,Chile,2000,15343326
2284,Chile,2001,15520049
2285,Chile,2002,15691701
2286,Chile,2003,15856977
2287,Chile,2004,16022133
2288,Chile,2005,16183489
2289,Chile,2006,16347890
2290,Chile,2007,16517933
2291,Chile,2008,16697754
2292,Chile,2009,16881078
2293,Chile,2010,17063927
2294,Chile,2011,17254159
2295,Chile,2012,17443491
2296,Chile,2013,17611902
2297,Chile,2014,17787617
2298,Chile,2015,17971423
2299,Chile,2016,18167147
2300,Chile,2017,18419192
2301,Chile,2018,18751405
2302,Chile,2019,19107216
2303,Chile,2020,19458310
2304,Chile,2021,19678363
2305,Colombia,1950,11981576
2306,Colombia,1951,12295965
2307,Colombia,1952,12633899
2308,Colombia,1953,12993849
2309,Colombia,1954,13374543
2310,Colombia,1955,13774999
2311,Colombia,1956,14194561
2312,Colombia,1957,14632794
2313,Colombia,1958,15089522
2314,Colombia,1959,15564624
2315,Colombia,1960,16057714
2316,Colombia,1961,16567817
2317,Colombia,1962,17092919
2318,Colombia,1963,17629978
2319,Colombia,1964,18175187
2320,Colombia,1965,18725242
2321,Colombia,1966,19279734
2322,Colombia,1967,19837508
2323,Colombia,1968,20393704
2324,Colombia,1969,20942453
2325,Colombia,1970,21480064
2326,Colombia,1971,22003983
2327,Colombia,1972,22516429
2328,Colombia,1973,23024512
2329,Colombia,1974,23538390
2330,Colombia,1975,24065502
2331,Colombia,1976,24608102
2332,Colombia,1977,25164544
2333,Colombia,1978,25733669
2334,Colombia,1979,26312996
2335,Colombia,1980,26900508
2336,Colombia,1981,27496608
2337,Colombia,1982,28101824
2338,Colombia,1983,28714183
2339,Colombia,1984,29331230
2340,Colombia,1985,30802221
2341,Colombia,1986,31439997
2342,Colombia,1987,32096973
2343,Colombia,1988,32767110
2344,Colombia,1989,33446912
2345,Colombia,1990,34130022
2346,Colombia,1991,34830570
2347,Colombia,1992,35520940
2348,Colombia,1993,36207108
2349,Colombia,1994,36853905
2350,Colombia,1995,37472184
2351,Colombia,1996,38068050
2352,Colombia,1997,38635691
2353,Colombia,1998,39184456
2354,Colombia,1999,39730798
2355,Colombia,2000,40295563
2356,Colombia,2001,40813541
2357,Colombia,2002,41328824
2358,Colombia,2003,41848959
2359,Colombia,2004,42368489
2360,Colombia,2005,42888592
2361,Colombia,2006,43405956
2362,Colombia,2007,43926929
2363,Colombia,2008,44451147
2364,Colombia,2009,44978832
2365,Colombia,2010,45509584
2366,Colombia,2011,46044601
2367,Colombia,2012,46581823
2368,Colombia,2013,47121089
2369,Colombia,2014,47661787
2370,Colombia,2015,48203405
2371,Colombia,2016,48747708
2372,Colombia,2017,49291609
2373,Colombia,2018,49834240
2374,Colombia,2019,50374478
2375,Colombia,2020,50911747
2376,Colombia,2021,51207695
2377,Estonia,1950,1100997
2378,Estonia,1951,1113238
2379,Estonia,1952,1125237
2380,Estonia,1953,1136906
2381,Estonia,1954,1148213
2382,Estonia,1955,1159233
2383,Estonia,1956,1170091
2384,Estonia,1957,1181017
2385,Estonia,1958,1192257
2386,Estonia,1959,1204106
2387,Estonia,1960,1216820
2388,Estonia,1961,1230504
2389,Estonia,1962,1245083
2390,Estonia,1963,1260215
2391,Estonia,1964,1275440
2392,Estonia,1965,1290406
2393,Estonia,1966,1304984
2394,Estonia,1967,1319249
2395,Estonia,1968,1333174
2396,Estonia,1969,1346820
2397,Estonia,1970,1360076
2398,Estonia,1971,1376955
2399,Estonia,1972,1392518
2400,Estonia,1973,1405951
2401,Estonia,1974,1418169
2402,Estonia,1975,1429352
2403,Estonia,1976,1439576
2404,Estonia,1977,1450211
2405,Estonia,1978,1460188
2406,Estonia,1979,1468333
2407,Estonia,1980,1477219
2408,Estonia,1981,1487666
2409,Estonia,1982,1498414
2410,Estonia,1983,1508745
2411,Estonia,1984,1518617
2412,Estonia,1985,1528781
2413,Estonia,1986,1540190
2414,Estonia,1987,1552221
2415,Estonia,1988,1561900
2416,Estonia,1989,1568131
2417,Estonia,1990,1569174
2418,Estonia,1991,1561314
2419,Estonia,1992,1533091
2420,Estonia,1993,1494128
2421,Estonia,1994,1462514
2422,Estonia,1995,1436634
2423,Estonia,1996,1415594
2424,Estonia,1997,1399535
2425,Estonia,1998,1386156
2426,Estonia,1999,1375654
2427,Estonia,2000,1396985
2428,Estonia,2001,1388115
2429,Estonia,2002,1379350
2430,Estonia,2003,1370720
2431,Estonia,2004,1362550
2432,Estonia,2005,1354775
2433,Estonia,2006,1346810
2434,Estonia,2007,1340680
2435,Estonia,2008,1337090
2436,Estonia,2009,1334515
2437,Estonia,2010,1331475
2438,Estonia,2011,1327439
2439,Estonia,2012,1322696
2440,Estonia,2013,1317997
2441,Estonia,2014,1314545
2442,Estonia,2015,1314608
2443,Estonia,2016,1315790
2444,Estonia,2017,1317384
2445,Estonia,2018,1321977
2446,Estonia,2019,1326855
2447,Estonia,2020,1329479
2448,Estonia,2021,1330932
2449,Israel,1950,1103000
2450,Israel,1951,1324000
2451,Israel,1952,1429800
2452,Israel,1953,1467700
2453,Israel,1954,1500600
2454,Israel,1955,1555300
2455,Israel,1956,1626300
2456,Israel,1957,1721200
2457,Israel,1958,1782700
2458,Israel,1959,1836200
2459,Israel,1960,2150400
2460,Israel,1961,2234200
2461,Israel,1962,2331800
2462,Israel,1963,2430100
2463,Israel,1964,2525600
2464,Israel,1965,2598400
2465,Israel,1966,2657400
2466,Israel,1967,2708000
2467,Israel,1968,2806700
2468,Israel,1969,2879100
2469,Israel,1970,2958200
2470,Israel,1971,3045600
2471,Israel,1972,3225000
2472,Israel,1973,3277900
2473,Israel,1974,3377200
2474,Israel,1975,3455300
2475,Israel,1976,3533100
2476,Israel,1977,3613000
2477,Israel,1978,3692600
2478,Israel,1979,3786400
2479,Israel,1980,3877700
2480,Israel,1981,3949800
2481,Israel,1982,4020700
2482,Israel,1983,4106100
2483,Israel,1984,4159100
2484,Israel,1985,4233000
2485,Israel,1986,4298800
2486,Israel,1987,4368900
2487,Israel,1988,4441700
2488,Israel,1989,4518200
2489,Israel,1990,4660200
2490,Israel,1991,4949100
2491,Israel,1992,5123500
2492,Israel,1993,5261400
2493,Israel,1994,5399300
2494,Israel,1995,5544900
2495,Israel,1996,5685100
2496,Israel,1997,5828900
2497,Israel,1998,5970700
2498,Israel,1999,6125300
2499,Israel,2000,6289200
2500,Israel,2001,6439000
2501,Israel,2002,6570000
2502,Israel,2003,6689700
2503,Israel,2004,6809000
2504,Israel,2005,6930128
2505,Israel,2006,7053707
2506,Israel,2007,7180114
2507,Israel,2008,7308795
2508,Israel,2009,7485565
2509,Israel,2010,7623561
2510,Israel,2011,7765832
2511,Israel,2012,7910525
2512,Israel,2013,8059456
2513,Israel,2014,8215668
2514,Israel,2015,8380149
2515,Israel,2016,8546009
2516,Israel,2017,8713268
2517,Israel,2018,8882764
2518,Israel,2019,9054026
2519,Israel,2020,9215113
2520,Israel,2021,9365083
2521,Russia,1950,102798649
2522,Russia,1951,104304698
2523,Russia,1952,105967087
2524,Russia,1953,107727310
2525,Russia,1954,109536504
2526,Russia,1955,111355301
2527,Russia,1956,113154332
2528,Russia,1957,114913780
2529,Russia,1958,116622392
2530,Russia,1959,118275873
2531,Russia,1960,119871700
2532,Russia,1961,121403897
2533,Russia,1962,122858215
2534,Russia,1963,124210253
2535,Russia,1964,125430991
2536,Russia,1965,126503741
2537,Russia,1966,127417192
2538,Russia,1967,128187398
2539,Russia,1968,128859795
2540,Russia,1969,129497500
2541,Russia,1970,130148650
2542,Russia,1971,130830724
2543,Russia,1972,131539634
2544,Russia,1973,132275730
2545,Russia,1974,133032258
2546,Russia,1975,133804859
2547,Russia,1976,134596225
2548,Russia,1977,135413335
2549,Russia,1978,136259824
2550,Russia,1979,137139387
2551,Russia,1980,138053143
2552,Russia,1981,138993850
2553,Russia,1982,139954626
2554,Russia,1983,140935774
2555,Russia,1984,141938482
2556,Russia,1985,142957289
2557,Russia,1986,143995348
2558,Russia,1987,145032886
2559,Russia,1988,146013482
2560,Russia,1989,146863927
2561,Russia,1990,147969413
2562,Russia,1991,148394220
2563,Russia,1992,148538190
2564,Russia,1993,148458780
2565,Russia,1994,148407906
2566,Russia,1995,148375796
2567,Russia,1996,148160121
2568,Russia,1997,147915371
2569,Russia,1998,147670787
2570,Russia,1999,147214777
2571,Russia,2000,146596873
2572,Russia,2001,145976465
2573,Russia,2002,145306489
2574,Russia,2003,144565937
2575,Russia,2004,143821218
2576,Russia,2005,143113885
2577,Russia,2006,142487259
2578,Russia,2007,142114903
2579,Russia,2008,141956413
2580,Russia,2009,141909248
2581,Russia,2010,142389969
2582,Russia,2011,142960911
2583,Russia,2012,143201721
2584,Russia,2013,143506995
2585,Russia,2014,143819657
2586,Russia,2015,146406004
2587,Russia,2016,146674542
2588,Russia,2017,146842404
2589,Russia,2018,146830572
2590,Russia,2019,146764661
2591,Russia,2020,146459803
2592,Slovenia,1950,1466881
2593,Slovenia,1951,1480245
2594,Slovenia,1952,1493550
2595,Slovenia,1953,1508428
2596,Slovenia,1954,1521485
2597,Slovenia,1955,1533998
2598,Slovenia,1956,1545591
2599,Slovenia,1957,1556521
2600,Slovenia,1958,1566979
2601,Slovenia,1959,1576204
2602,Slovenia,1960,1580145
2603,Slovenia,1961,1595450
2604,Slovenia,1962,1604980
2605,Slovenia,1963,1614414
2606,Slovenia,1964,1630553
2607,Slovenia,1965,1650413
2608,Slovenia,1966,1669606
2609,Slovenia,1967,1690939
2610,Slovenia,1968,1703708
2611,Slovenia,1969,1714022
2612,Slovenia,1970,1726513
2613,Slovenia,1971,1729941
2614,Slovenia,1972,1741343
2615,Slovenia,1973,1753296
2616,Slovenia,1974,1766040
2617,Slovenia,1975,1778454
2618,Slovenia,1976,1786977
2619,Slovenia,1977,1799384
2620,Slovenia,1978,1810997
2621,Slovenia,1979,1824001
2622,Slovenia,1980,1884477
2623,Slovenia,1981,1896133
2624,Slovenia,1982,1910335
2625,Slovenia,1983,1922322
2626,Slovenia,1984,1932154
2627,Slovenia,1985,1941640
2628,Slovenia,1986,1980718
2629,Slovenia,1987,1989462
2630,Slovenia,1988,1999988
2631,Slovenia,1989,1999404
2632,Slovenia,1990,1998090
2633,Slovenia,1991,2001768
2634,Slovenia,1992,1995832
2635,Slovenia,1993,1990623
2636,Slovenia,1994,1988850
2637,Slovenia,1995,1987505
2638,Slovenia,1996,1991169
2639,Slovenia,1997,1986848
2640,Slovenia,1998,1982603
2641,Slovenia,1999,1985557
2642,Slovenia,2000,1990272
2643,Slovenia,2001,1992035
2644,Slovenia,2002,1995718
2645,Slovenia,2003,1996773
2646,Slovenia,2004,1997004
2647,Slovenia,2005,2001114
2648,Slovenia,2006,2008516
2649,Slovenia,2007,2019406
2650,Slovenia,2008,2022629
2651,Slovenia,2009,2042335
2652,Slovenia,2010,2049261
2653,Slovenia,2011,2052496
2654,Slovenia,2012,2056262
2655,Slovenia,2013,2059114
2656,Slovenia,2014,2061623
2657,Slovenia,2015,2063077
2658,Slovenia,2016,2064241
2659,Slovenia,2017,2066161
2660,Slovenia,2018,2070050
2661,Slovenia,2019,2089310
2662,Slovenia,2020,2100126
2663,Slovenia,2021,2107007
2664,China,1950,554419269
2665,China,1951,569909108
2666,China,1952,582576497
2667,China,1953,593365882
2668,China,1954,603052316
2669,China,1955,612241552
2670,China,1956,621363233
2671,China,1957,630677648
2672,China,1958,640295777
2673,China,1959,650212731
2674,China,1960,660408054
2675,China,1961,670952701
2676,China,1962,682102654
2677,China,1963,694339084
2678,China,1964,708254602
2679,China,1965,724218970
2680,China,1966,742414887
2681,China,1967,762581176
2682,China,1968,784074715
2683,China,1969,805985941
2684,China,1970,827601385
2685,China,1971,848759709
2686,China,1972,869485962
2687,China,1973,889485368
2688,China,1974,908464206
2689,China,1975,926240889
2690,China,1976,942685412
2691,China,1977,957891271
2692,China,1978,972205441
2693,China,1979,986132214
2694,China,1980,1000089228
2695,China,1981,1014022211
2696,China,1982,1027948989
2697,China,1983,1042431401
2698,China,1984,1058171973
2699,China,1985,1075589363
2700,China,1986,1095014106
2701,China,1987,1116095475
2702,China,1988,1137724234
2703,China,1989,1158357393
2704,China,1990,1176883681
2705,China,1991,1192897277
2706,China,1992,1206711243
2707,China,1993,1218817059
2708,China,1994,1230020026
2709,China,1995,1240920539
2710,China,1996,1251636178
2711,China,1997,1261996017
2712,China,1998,1271982349
2713,China,1999,1281514833
2714,China,2000,1290550767
2715,China,2001,1299129747
2716,China,2002,1307352256
2717,China,2003,1315303522
2718,China,2004,1323084639
2719,China,2005,1330776380
2720,China,2006,1338408644
2721,China,2007,1345993891
2722,China,2008,1353569480
2723,China,2009,1361169410
2724,China,2010,1368810604
2725,China,2011,1376497633
2726,China,2012,1384206408
2727,China,2013,1391883335
2728,China,2014,1399453966
2729,China,2015,1406847868
2730,China,2016,1414049353
2731,China,2017,1421021794
2732,China,2018,1427647789
2733,China,2019,1433783692
2734,China,2020,1439323774
2735,China,2021,1444216102
2736,India,1950,376325200
2737,India,1951,382376945
2738,India,1952,388799076
2739,India,1953,395544365
2740,India,1954,402578594
2741,India,1955,409880606
2742,India,1956,417442811
2743,India,1957,425270709
2744,India,1958,433380978
2745,India,1959,441798571
2746,India,1960,450547675
2747,India,1961,459642166
2748,India,1962,469077191
2749,India,1963,478825602
2750,India,1964,488848139
2751,India,1965,499123328
2752,India,1966,509631509
2753,India,1967,520400577
2754,India,1968,531513834
2755,India,1969,543084333
2756,India,1970,555189797
2757,India,1971,567868021
2758,India,1972,581087255
2759,India,1973,594770136
2760,India,1974,608802595
2761,India,1975,623102900
2762,India,1976,637630085
2763,India,1977,652408766
2764,India,1978,667499815
2765,India,1979,682995348
2766,India,1980,698952837
2767,India,1981,715384997
2768,India,1982,732239498
2769,India,1983,749428958
2770,India,1984,766833411
2771,India,1985,784360012
2772,India,1986,801975250
2773,India,1987,819682095
2774,India,1988,837468938
2775,India,1989,855334675
2776,India,1990,873277799
2777,India,1991,891273202
2778,India,1992,909307018
2779,India,1993,927403866
2780,India,1994,945601828
2781,India,1995,963922586
2782,India,1996,982365248
2783,India,1997,1000900028
2784,India,1998,1019483586
2785,India,1999,1038058154
2786,India,2000,1056575548
2787,India,2001,1075000094
2788,India,2002,1093317187
2789,India,2003,1111523146
2790,India,2004,1129623466
2791,India,2005,1147609924
2792,India,2006,1165486291
2793,India,2007,1183209471
2794,India,2008,1200669762
2795,India,2009,1217726217
2796,India,2010,1234281163
2797,India,2011,1250287939
2798,India,2012,1265780243
2799,India,2013,1280842119
2800,India,2014,1295600768
2801,India,2015,1310152392
2802,India,2016,1324517250
2803,India,2017,1338676779
2804,India,2018,1352642283
2805,India,2019,1366417756
2806,India,2020,1380004385
2807,India,2021,1393409033
2808,Indonesia,1950,69543321
2809,Indonesia,1951,70849443
2810,Indonesia,1952,72274629
2811,Indonesia,1953,73820844
2812,Indonesia,1954,75487888
2813,Indonesia,1955,77273427
2814,Indonesia,1956,79172800
2815,Indonesia,1957,81179211
2816,Indonesia,1958,83284051
2817,Indonesia,1959,85477628
2818,Indonesia,1960,87751066
2819,Indonesia,1961,90098396
2820,Indonesia,1962,92518373
2821,Indonesia,1963,95015295
2822,Indonesia,1964,97596728
2823,Indonesia,1965,100267070
2824,Indonesia,1966,103025423
2825,Indonesia,1967,105865576
2826,Indonesia,1968,108779926
2827,Indonesia,1969,111758566
2828,Indonesia,1970,114793179
2829,Indonesia,1971,117880146
2830,Indonesia,1972,121017316
2831,Indonesia,1973,124199693
2832,Indonesia,1974,127422198
2833,Indonesia,1975,130680730
2834,Indonesia,1976,133966940
2835,Indonesia,1977,137278057
2836,Indonesia,1978,140621731
2837,Indonesia,1979,144009844
2838,Indonesia,1980,147447834
2839,Indonesia,1981,150938222
2840,Indonesia,1982,154468235
2841,Indonesia,1983,158009248
2842,Indonesia,1984,161523353
2843,Indonesia,1985,164982452
2844,Indonesia,1986,168374287
2845,Indonesia,1987,171702756
2846,Indonesia,1988,174975953
2847,Indonesia,1989,178209147
2848,Indonesia,1990,181413398
2849,Indonesia,1991,184591897
2850,Indonesia,1992,187739786
2851,Indonesia,1993,190851184
2852,Indonesia,1994,193917458
2853,Indonesia,1995,196934257
2854,Indonesia,1996,199901231
2855,Indonesia,1997,202826444
2856,Indonesia,1998,205724597
2857,Indonesia,1999,208615171
2858,Indonesia,2000,211513822
2859,Indonesia,2001,214427419
2860,Indonesia,2002,217357790
2861,Indonesia,2003,220309473
2862,Indonesia,2004,223285666
2863,Indonesia,2005,226289468
2864,Indonesia,2006,229318262
2865,Indonesia,2007,232374239
2866,Indonesia,2008,235469755
2867,Indonesia,2009,238620554
2868,Indonesia,2010,241834226
2869,Indonesia,2011,245115988
2870,Indonesia,2012,248451714
2871,Indonesia,2013,251805314
2872,Indonesia,2014,255128076
2873,Indonesia,2015,255587900
2874,Indonesia,2016,258496500
2875,Indonesia,2017,261355500
2876,Indonesia,2018,264161600
2877,Indonesia,2019,266911900
2878,Indonesia,2020,269603400
2879,Indonesia,2021,272248500
2880,South Africa,1950,13628434
2881,South Africa,1951,13921934
2882,South Africa,1952,14226257
2883,South Africa,1953,14541560
2884,South Africa,1954,14868163
2885,South Africa,1955,15206501
2886,South Africa,1956,15557198
2887,South Africa,1957,15921020
2888,South Africa,1958,16298795
2889,South Africa,1959,16691451
2890,South Africa,1960,17099836
2891,South Africa,1961,17524533
2892,South Africa,1962,17965733
2893,South Africa,1963,18423157
2894,South Africa,1964,18896303
2895,South Africa,1965,19384838
2896,South Africa,1966,19888259
2897,South Africa,1967,20406863
2898,South Africa,1968,20942147
2899,South Africa,1969,21496075
2900,South Africa,1970,22069783
2901,South Africa,1971,22665265
2902,South Africa,1972,23281517
2903,South Africa,1973,23913090
2904,South Africa,1974,24552540
2905,South Africa,1975,25195184
2906,South Africa,1976,25836890
2907,South Africa,1977,26480915
2908,South Africa,1978,27138966
2909,South Africa,1979,27827325
2910,South Africa,1980,28556771
2911,South Africa,1981,29333095
2912,South Africa,1982,30150448
2913,South Africa,1983,30993762
2914,South Africa,1984,31841588
2915,South Africa,1985,32678876
2916,South Africa,1986,33495956
2917,South Africa,1987,34297727
2918,South Africa,1988,35100905
2919,South Africa,1989,35930056
2920,South Africa,1990,36800507
2921,South Africa,1991,37718952
2922,South Africa,1992,38672611
2923,South Africa,1993,39633754
2924,South Africa,1994,40564061
2925,South Africa,1995,41435761
2926,South Africa,1996,42241007
2927,South Africa,1997,42987456
2928,South Africa,1998,43682259
2929,South Africa,1999,44338551
2930,South Africa,2000,44967713
2931,South Africa,2001,45571272
2932,South Africa,2002,46409106
2933,South Africa,2003,46866012
2934,South Africa,2004,47377063
2935,South Africa,2005,47920487
2936,South Africa,2006,48486679
2937,South Africa,2007,49098845
2938,South Africa,2008,49757466
2939,South Africa,2009,50469139
2940,South Africa,2010,51226051
2941,South Africa,2011,52018393
2942,South Africa,2012,52827909
2943,South Africa,2013,53649096
2944,South Africa,2014,54488424
2945,South Africa,2015,55319826
2946,South Africa,2016,56140764
2947,South Africa,2017,56990964
2948,South Africa,2018,57859351
2949,South Africa,2019,58726826
2950,South Africa,2020,59538697
2951,South Africa,2021,60142978
3024,Latvia,1950,1926568
3025,Latvia,1951,1933995
3026,Latvia,1952,1945956
3027,Latvia,1953,1961660
3028,Latvia,1954,1980396
3029,Latvia,1955,2001570
3030,Latvia,1956,2024678
3031,Latvia,1957,2049314
3032,Latvia,1958,2075182
3033,Latvia,1959,2102010
3034,Latvia,1960,2129584
3035,Latvia,1961,2157660
3036,Latvia,1962,2185873
3037,Latvia,1963,2213805
3038,Latvia,1964,2240947
3039,Latvia,1965,2266938
3040,Latvia,1966,2291471
3041,Latvia,1967,2314506
3042,Latvia,1968,2336318
3043,Latvia,1969,2357389
3044,Latvia,1970,2359164
3045,Latvia,1971,2376389
3046,Latvia,1972,2395674
3047,Latvia,1973,2415819
3048,Latvia,1974,2437186
3049,Latvia,1975,2456130
3050,Latvia,1976,2470989
3051,Latvia,1977,2485073
3052,Latvia,1978,2497921
3053,Latvia,1979,2505953
3054,Latvia,1980,2511701
3055,Latvia,1981,2519421
3056,Latvia,1982,2531080
3057,Latvia,1983,2546011
3058,Latvia,1984,2562047
3059,Latvia,1985,2578873
3060,Latvia,1986,2599892
3061,Latvia,1987,2626583
3062,Latvia,1988,2653434
3063,Latvia,1989,2666955
3064,Latvia,1990,2663146
3065,Latvia,1991,2650581
3066,Latvia,1992,2614338
3067,Latvia,1993,2563289
3068,Latvia,1994,2520742
3069,Latvia,1995,2485054
3070,Latvia,1996,2457226
3071,Latvia,1997,2432851
3072,Latvia,1998,2410027
3073,Latvia,1999,2390477
3074,Latvia,2000,2367549
3075,Latvia,2001,2337172
3076,Latvia,2002,2310176
3077,Latvia,2003,2287955
3078,Latvia,2004,2263123
3079,Latvia,2005,2238799
3080,Latvia,2006,2218351
3081,Latvia,2007,2200325
3082,Latvia,2008,2177324
3083,Latvia,2009,2141668
3084,Latvia,2010,2097553
3085,Latvia,2011,2059710
3086,Latvia,2012,2034324
3087,Latvia,2013,2012647
3088,Latvia,2014,1993785
3089,Latvia,2015,1977523
3090,Latvia,2016,1959535
3091,Latvia,2017,1942247
3092,Latvia,2018,1927170
3093,Latvia,2019,1913826
3094,Latvia,2020,1900448
3095,Latvia,2021,1884488
3096,Argentina,1950,17150336
3097,Argentina,1951,17517342
3098,Argentina,1952,17876954
3099,Argentina,1953,18230815
3100,Argentina,1954,18580556
3101,Argentina,1955,18927820
3102,Argentina,1956,19271511
3103,Argentina,1957,19610538
3104,Argentina,1958,19946536
3105,Argentina,1959,20281148
3106,Argentina,1960,20616010
3107,Argentina,1961,20950583
3108,Argentina,1962,21283784
3109,Argentina,1963,21616406
3110,Argentina,1964,21949246
3111,Argentina,1965,22283102
3112,Argentina,1966,22611643
3113,Argentina,1967,22934338
3114,Argentina,1968,23260684
3115,Argentina,1969,23600177
3116,Argentina,1970,23962314
3117,Argentina,1971,24354307
3118,Argentina,1972,24769829
3119,Argentina,1973,25198050
3120,Argentina,1974,25628164
3121,Argentina,1975,26049353
3122,Argentina,1976,26458241
3123,Argentina,1977,26862054
3124,Argentina,1978,27265831
3125,Argentina,1979,27674632
3126,Argentina,1980,28093507
3127,Argentina,1981,28524120
3128,Argentina,1982,28963109
3129,Argentina,1983,29407972
3130,Argentina,1984,29856213
3131,Argentina,1985,30305336
3132,Argentina,1986,30757601
3133,Argentina,1987,31214665
3134,Argentina,1988,31673154
3135,Argentina,1989,32129676
3136,Argentina,1990,32580854
3137,Argentina,1991,33028546
3138,Argentina,1992,33475005
3139,Argentina,1993,33917440
3140,Argentina,1994,34353066
3141,Argentina,1995,34779096
3142,Argentina,1996,35195575
3143,Argentina,1997,35604362
3144,Argentina,1998,36005387
3145,Argentina,1999,36398577
3146,Argentina,2000,36783859
3147,Argentina,2001,37156654
3148,Argentina,2002,37537783
3149,Argentina,2003,37927463
3150,Argentina,2004,38325927
3151,Argentina,2005,38733406
3152,Argentina,2006,39127239
3153,Argentina,2007,39529440
3154,Argentina,2008,39940234
3155,Argentina,2009,40359828
3156,Argentina,2010,40788453
3157,Argentina,2011,41261490
3158,Argentina,2012,41733271
3159,Argentina,2013,42202935
3160,Argentina,2014,42669500
3161,Argentina,2015,43131966
3162,Argentina,2016,43590368
3163,Argentina,2017,44044811
3164,Argentina,2018,44494502
3165,Argentina,2019,44938712
3166,Argentina,2020,45376763
3167,Argentina,2021,45808747
3168,Bulgaria,1950,7250996
3169,Bulgaria,1951,7310533
3170,Bulgaria,1952,7372016
3171,Bulgaria,1953,7434686
3172,Bulgaria,1954,7497950
3173,Bulgaria,1955,7561487
3174,Bulgaria,1956,7625194
3175,Bulgaria,1957,7689135
3176,Bulgaria,1958,7753612
3177,Bulgaria,1959,7819004
3178,Bulgaria,1960,7867374
3179,Bulgaria,1961,7943118
3180,Bulgaria,1962,8012946
3181,Bulgaria,1963,8078145
3182,Bulgaria,1964,8144340
3183,Bulgaria,1965,8204168
3184,Bulgaria,1966,8258057
3185,Bulgaria,1967,8310226
3186,Bulgaria,1968,8369603
3187,Bulgaria,1969,8434172
3188,Bulgaria,1970,8489574
3189,Bulgaria,1971,8536395
3190,Bulgaria,1972,8576200
3191,Bulgaria,1973,8620967
3192,Bulgaria,1974,8678745
3193,Bulgaria,1975,8720742
3194,Bulgaria,1976,8758599
3195,Bulgaria,1977,8804183
3196,Bulgaria,1978,8814032
3197,Bulgaria,1979,8825940
3198,Bulgaria,1980,8861535
3199,Bulgaria,1981,8891117
3200,Bulgaria,1982,8917457
3201,Bulgaria,1983,8939738
3202,Bulgaria,1984,8960679
3203,Bulgaria,1985,8960547
3204,Bulgaria,1986,8958171
3205,Bulgaria,1987,8971359
3206,Bulgaria,1988,8981446
3207,Bulgaria,1989,8876972
3208,Bulgaria,1990,8718289
3209,Bulgaria,1991,8632367
3210,Bulgaria,1992,8540164
3211,Bulgaria,1993,8472313
3212,Bulgaria,1994,8443591
3213,Bulgaria,1995,8406067
3214,Bulgaria,1996,8362826
3215,Bulgaria,1997,8312068
3216,Bulgaria,1998,8256786
3217,Bulgaria,1999,8210624
3218,Bulgaria,2000,8170172
3219,Bulgaria,2001,8009142
3220,Bulgaria,2002,7837160
3221,Bulgaria,2003,7775326
3222,Bulgaria,2004,7716860
3223,Bulgaria,2005,7658972
3224,Bulgaria,2006,7601022
3225,Bulgaria,2007,7545338
3226,Bulgaria,2008,7492560
3227,Bulgaria,2009,7444442
3228,Bulgaria,2010,7395598
3229,Bulgaria,2011,7348328
3230,Bulgaria,2012,7305888
3231,Bulgaria,2013,7265114
3232,Bulgaria,2014,7223938
3233,Bulgaria,2015,7177991
3234,Bulgaria,2016,7127822
3235,Bulgaria,2017,7075946
3236,Bulgaria,2018,7025036
3237,Bulgaria,2019,6975760
3238,Bulgaria,2020,6934015
3239,Bulgaria,2021,6898621
3240,Costa Rica,1950,868934
3241,Costa Rica,1951,897630
3242,Costa Rica,1952,929173
3243,Costa Rica,1953,962485
3244,Costa Rica,1954,997535
3245,Costa Rica,1955,1035424
3246,Costa Rica,1956,1075192
3247,Costa Rica,1957,1117281
3248,Costa Rica,1958,1159770
3249,Costa Rica,1959,1204553
3250,Costa Rica,1960,1251508
3251,Costa Rica,1961,1301084
3252,Costa Rica,1962,1352695
3253,Costa Rica,1963,1403804
3254,Costa Rica,1964,1455625
3255,Costa Rica,1965,1507565
3256,Costa Rica,1966,1559922
3257,Costa Rica,1967,1612363
3258,Costa Rica,1968,1664202
3259,Costa Rica,1969,1715441
3260,Costa Rica,1970,1763665
3261,Costa Rica,1971,1812029
3262,Costa Rica,1972,1860528
3263,Costa Rica,1973,1909614
3264,Costa Rica,1974,1959976
3265,Costa Rica,1975,2009819
3266,Costa Rica,1976,2063320
3267,Costa Rica,1977,2117790
3268,Costa Rica,1978,2177452
3269,Costa Rica,1979,2239890
3270,Costa Rica,1980,2304094
3271,Costa Rica,1981,2370060
3272,Costa Rica,1982,2437231
3273,Costa Rica,1983,2505453
3274,Costa Rica,1984,2573769
3275,Costa Rica,1985,2646142
3276,Costa Rica,1986,2726063
3277,Costa Rica,1987,2804079
3278,Costa Rica,1988,2878888
3279,Costa Rica,1989,2955335
3280,Costa Rica,1990,3029336
3281,Costa Rica,1991,3101536
3282,Costa Rica,1992,3170537
3283,Costa Rica,1993,3239868
3284,Costa Rica,1994,3334223
3285,Costa Rica,1995,3428278
3286,Costa Rica,1996,3520866
3287,Costa Rica,1997,3611224
3288,Costa Rica,1998,3699939
3289,Costa Rica,1999,3786841
3290,Costa Rica,2000,3872349
3291,Costa Rica,2001,3953393
3292,Costa Rica,2002,4022431
3293,Costa Rica,2003,4086405
3294,Costa Rica,2004,4151823
3295,Costa Rica,2005,4215248
3296,Costa Rica,2006,4278656
3297,Costa Rica,2007,4340390
3298,Costa Rica,2008,4404090
3299,Costa Rica,2009,4469337
3300,Costa Rica,2010,4533894
3301,Costa Rica,2011,4592149
3302,Costa Rica,2012,4652459
3303,Costa Rica,2013,4713168
3304,Costa Rica,2014,4773130
3305,Costa Rica,2015,4832234
3306,Costa Rica,2016,4890379
3307,Costa Rica,2017,4947490
3308,Costa Rica,2018,5003402
3309,Costa Rica,2019,5058007
3310,Costa Rica,2020,5111238
3311,Costa Rica,2021,5163038
3312,Croatia,1950,3850297
3313,Croatia,1951,3886221
3314,Croatia,1952,3922673
3315,Croatia,1953,3959116
3316,Croatia,1954,3995136
3317,Croatia,1955,4030415
3318,Croatia,1956,4064775
3319,Croatia,1957,4098126
3320,Croatia,1958,4130491
3321,Croatia,1959,4161965
3322,Croatia,1960,4192635
3323,Croatia,1961,4222503
3324,Croatia,1962,4251421
3325,Croatia,1963,4279061
3326,Croatia,1964,4304988
3327,Croatia,1965,4328923
3328,Croatia,1966,4350816
3329,Croatia,1967,4370859
3330,Croatia,1968,4389321
3331,Croatia,1969,4406606
3332,Croatia,1970,4423073
3333,Croatia,1971,4438815
3334,Croatia,1972,4453988
3335,Croatia,1973,4469038
3336,Croatia,1974,4484523
3337,Croatia,1975,4500867
3338,Croatia,1976,4518102
3339,Croatia,1977,4536199
3340,Croatia,1978,4555419
3341,Croatia,1979,4576033
3342,Croatia,1980,4598130
3343,Croatia,1981,4621419
3344,Croatia,1982,4645413
3345,Croatia,1983,4669614
3346,Croatia,1984,4693431
3347,Croatia,1985,4716117
3348,Croatia,1986,4737948
3349,Croatia,1987,4758151
3350,Croatia,1988,4773682
3351,Croatia,1989,4780628
3352,Croatia,1990,4776374
3353,Croatia,1991,4760003
3354,Croatia,1992,4732862
3355,Croatia,1993,4697538
3356,Croatia,1994,4657803
3357,Croatia,1995,4616766
3358,Croatia,1996,4574888
3359,Croatia,1997,4532401
3360,Croatia,1998,4491907
3361,Croatia,1999,4456437
3362,Croatia,2000,4428075
3363,Croatia,2001,4299642
3364,Croatia,2002,4302174
3365,Croatia,2003,4303399
3366,Croatia,2004,4304600
3367,Croatia,2005,4310145
3368,Croatia,2006,4311159
3369,Croatia,2007,4310217
3370,Croatia,2008,4309705
3371,Croatia,2009,4305181
3372,Croatia,2010,4295427
3373,Croatia,2011,4280622
3374,Croatia,2012,4267558
3375,Croatia,2013,4255689
3376,Croatia,2014,4238389
3377,Croatia,2015,4203604
3378,Croatia,2016,4174349
3379,Croatia,2017,4124531
3380,Croatia,2018,4087843
3381,Croatia,2019,4065253
3382,Croatia,2020,4047680
3383,Croatia,2021,4024898
3384,Cyprus,1950,494018
3385,Cyprus,1951,500384
3386,Cyprus,1952,506630
3387,Cyprus,1953,513429
3388,Cyprus,1954,521186
3389,Cyprus,1955,529970
3390,Cyprus,1956,539568
3391,Cyprus,1957,549465
3392,Cyprus,1958,558897
3393,Cyprus,1959,566969
3394,Cyprus,1960,572933
3395,Cyprus,1961,576402
3396,Cyprus,1962,577696
3397,Cyprus,1963,577918
3398,Cyprus,1964,578628
3399,Cyprus,1965,580972
3400,Cyprus,1966,585313
3401,Cyprus,1967,591301
3402,Cyprus,1968,598495
3403,Cyprus,1969,606121
3404,Cyprus,1970,613618
3405,Cyprus,1971,620860
3406,Cyprus,1972,628002
3407,Cyprus,1973,635105
3408,Cyprus,1974,642322
3409,Cyprus,1975,649753
3410,Cyprus,1976,657524
3411,Cyprus,1977,665521
3412,Cyprus,1978,673253
3413,Cyprus,1979,680010
3414,Cyprus,1980,685408
3415,Cyprus,1981,689170
3416,Cyprus,1982,523734
3417,Cyprus,1983,528071
3418,Cyprus,1984,534958
3419,Cyprus,1985,541502
3420,Cyprus,1986,547747
3421,Cyprus,1987,553736
3422,Cyprus,1988,559639
3423,Cyprus,1989,567674
3424,Cyprus,1990,579898
3425,Cyprus,1991,595105
3426,Cyprus,1992,611151
3427,Cyprus,1993,626087
3428,Cyprus,1994,639170
3429,Cyprus,1995,650860
3430,Cyprus,1996,661326
3431,Cyprus,1997,670764
3432,Cyprus,1998,679042
3433,Cyprus,1999,686675
3434,Cyprus,2000,694020
3435,Cyprus,2001,701537
3436,Cyprus,2002,709631
3437,Cyprus,2003,718305
3438,Cyprus,2004,727977
3439,Cyprus,2005,738541
3440,Cyprus,2006,750964
3441,Cyprus,2007,767128
3442,Cyprus,2008,786630
3443,Cyprus,2009,808038
3444,Cyprus,2010,829444
3445,Cyprus,2011,850882
3446,Cyprus,2012,863945
3447,Cyprus,2013,861938
3448,Cyprus,2014,852511
3449,Cyprus,2015,847662
3450,Cyprus,2016,851559
3451,Cyprus,2017,859520
3452,Cyprus,2018,870071
3453,Cyprus,2019,881949
3454,Cyprus,2020,892828
3455,Cyprus,2021,899939
3456,Lithuania,1950,2567407
3457,Lithuania,1951,2569617
3458,Lithuania,1952,2578051
3459,Lithuania,1953,2591374
3460,Lithuania,1954,2608525
3461,Lithuania,1955,2628752
3462,Lithuania,1956,2651634
3463,Lithuania,1957,2677006
3464,Lithuania,1958,2704988
3465,Lithuania,1959,2735866
3466,Lithuania,1960,2769879
3467,Lithuania,1961,2806924
3468,Lithuania,1962,2846393
3469,Lithuania,1963,2887072
3470,Lithuania,1964,2927385
3471,Lithuania,1965,2966165
3472,Lithuania,1966,3002792
3473,Lithuania,1967,3037458
3474,Lithuania,1968,3070698
3475,Lithuania,1969,3103509
3476,Lithuania,1970,3139689
3477,Lithuania,1971,3179041
3478,Lithuania,1972,3213622
3479,Lithuania,1973,3244438
3480,Lithuania,1974,3273894
3481,Lithuania,1975,3301652
3482,Lithuania,1976,3328664
3483,Lithuania,1977,3355036
3484,Lithuania,1978,3379514
3485,Lithuania,1979,3397842
3486,Lithuania,1980,3413202
3487,Lithuania,1981,3432947
3488,Lithuania,1982,3457179
3489,Lithuania,1983,3485192
3490,Lithuania,1984,3514205
3491,Lithuania,1985,3544543
3492,Lithuania,1986,3578914
3493,Lithuania,1987,3616367
3494,Lithuania,1988,3655049
3495,Lithuania,1989,3684255
3496,Lithuania,1990,3697838
3497,Lithuania,1991,3704134
3498,Lithuania,1992,3700114
3499,Lithuania,1993,3682613
3500,Lithuania,1994,3657144
3501,Lithuania,1995,3629102
3502,Lithuania,1996,3601613
3503,Lithuania,1997,3575137
3504,Lithuania,1998,3549331
3505,Lithuania,1999,3524237
3506,Lithuania,2000,3499534
3507,Lithuania,2001,3470817
3508,Lithuania,2002,3443066
3509,Lithuania,2003,3415209
3510,Lithuania,2004,3377073
3511,Lithuania,2005,3322525
3512,Lithuania,2006,3269903
3513,Lithuania,2007,3231297
3514,Lithuania,2008,3198234
3515,Lithuania,2009,3162911
3516,Lithuania,2010,3097292
3517,Lithuania,2011,3028119
3518,Lithuania,2012,2987773
3519,Lithuania,2013,2957689
3520,Lithuania,2014,2932366
3521,Lithuania,2015,2904908
3522,Lithuania,2016,2868234
3523,Lithuania,2017,2828398
3524,Lithuania,2018,2801541
3525,Lithuania,2019,2794135
3526,Lithuania,2020,2794890
3527,Lithuania,2021,2795321
3528,Malta,1950,311998
3529,Malta,1951,312215
3530,Malta,1952,312746
3531,Malta,1953,313266
3532,Malta,1954,313562
3533,Malta,1955,313523
3534,Malta,1956,313195
3535,Malta,1957,312702
3536,Malta,1958,312303
3537,Malta,1959,312316
3538,Malta,1960,312973
3539,Malta,1961,314414
3540,Malta,1962,316520
3541,Malta,1963,318888
3542,Malta,1964,320927
3543,Malta,1965,322238
3544,Malta,1966,322696
3545,Malta,1967,322457
3546,Malta,1968,321762
3547,Malta,1969,321031
3548,Malta,1970,320548
3549,Malta,1971,320364
3550,Malta,1972,320437
3551,Malta,1973,320801
3552,Malta,1974,321436
3553,Malta,1975,322358
3554,Malta,1976,323579
3555,Malta,1977,325126
3556,Malta,1978,326984
3557,Malta,1979,329117
3558,Malta,1980,331494
3559,Malta,1981,334115
3560,Malta,1982,336964
3561,Malta,1983,339984
3562,Malta,1984,330593
3563,Malta,1985,336452
3564,Malta,1986,342121
3565,Malta,1987,344485
3566,Malta,1988,347325
3567,Malta,1989,350722
3568,Malta,1990,354170
3569,Malta,1991,357727
3570,Malta,1992,361260
3571,Malta,1993,364704
3572,Malta,1994,367941
3573,Malta,1995,370433
3574,Malta,1996,372687
3575,Malta,1997,375236
3576,Malta,1998,377516
3577,Malta,1999,379360
3578,Malta,2000,385808
3579,Malta,2001,393028
3580,Malta,2002,395969
3581,Malta,2003,398582
3582,Malta,2004,401263
3583,Malta,2005,403825
3584,Malta,2006,405311
3585,Malta,2007,406725
3586,Malta,2008,409377
3587,Malta,2009,412474
3588,Malta,2010,414509
3589,Malta,2011,416264
3590,Malta,2012,420033
3591,Malta,2013,425968
3592,Malta,2014,434557
3593,Malta,2015,445056
3594,Malta,2016,455356
3595,Malta,2017,468005
3596,Malta,2018,484634
3597,Malta,2019,504059
3598,Malta,2020,515330
3599,Malta,2021,516748
3600,Romania,1950,16236289
3601,Romania,1951,16512670
3602,Romania,1952,16764911
3603,Romania,1953,17005719
3604,Romania,1954,17243812
3605,Romania,1955,17483935
3606,Romania,1956,17726634
3607,Romania,1957,17968470
3608,Romania,1958,18202715
3609,Romania,1959,18420450
3610,Romania,1960,18613945
3611,Romania,1961,18780210
3612,Romania,1962,18924152
3613,Romania,1963,19059934
3614,Romania,1964,19207139
3615,Romania,1965,19379575
3616,Romania,1966,19582332
3617,Romania,1967,19810612
3618,Romania,1968,19799831
3619,Romania,1969,20009141
3620,Romania,1970,20250396
3621,Romania,1971,20461575
3622,Romania,1972,20657956
3623,Romania,1973,20835682
3624,Romania,1974,21029428
3625,Romania,1975,21293586
3626,Romania,1976,21551631
3627,Romania,1977,21756097
3628,Romania,1978,21951467
3629,Romania,1979,22090484
3630,Romania,1980,22207284
3631,Romania,1981,22353071
3632,Romania,1982,22475742
3633,Romania,1983,22560476
3634,Romania,1984,22640545
3635,Romania,1985,22732997
3636,Romania,1986,22836836
3637,Romania,1987,22949427
3638,Romania,1988,23057660
3639,Romania,1989,23161460
3640,Romania,1990,23201832
3641,Romania,1991,23001160
3642,Romania,1992,22794284
3643,Romania,1993,22763283
3644,Romania,1994,22730216
3645,Romania,1995,22684268
3646,Romania,1996,22619005
3647,Romania,1997,22553982
3648,Romania,1998,22507354
3649,Romania,1999,22472043
3650,Romania,2000,22442973
3651,Romania,2001,22131974
3652,Romania,2002,21675775
3653,Romania,2003,21574365
3654,Romania,2004,21451845
3655,Romania,2005,21319673
3656,Romania,2006,21193749
3657,Romania,2007,20882980
3658,Romania,2008,20537848
3659,Romania,2009,20367437
3660,Romania,2010,20246798
3661,Romania,2011,20147657
3662,Romania,2012,20060182
3663,Romania,2013,19988694
3664,Romania,2014,19916451
3665,Romania,2015,19822250
3666,Romania,2016,19706424
3667,Romania,2017,19592933
3668,Romania,2018,19476713
3669,Romania,2019,19375835
3670,Romania,2020,19269469
3671,Romania,2021,19136038
3672,Saudi Arabia,1950,3121340
3673,Saudi Arabia,1951,3198811
3674,Saudi Arabia,1952,3283593
3675,Saudi Arabia,1953,3372837
3676,Saudi Arabia,1954,3464662
3677,Saudi Arabia,1955,3558165
3678,Saudi Arabia,1956,3653505
3679,Saudi Arabia,1957,3751798
3680,Saudi Arabia,1958,3855030
3681,Saudi Arabia,1959,3965799
3682,Saudi Arabia,1960,4086534
3683,Saudi Arabia,1961,4218852
3684,Saudi Arabia,1962,4362788
3685,Saudi Arabia,1963,4516540
3686,Saudi Arabia,1964,4677304
3687,Saudi Arabia,1965,4843632
3688,Saudi Arabia,1966,5015353
3689,Saudi Arabia,1967,5195124
3690,Saudi Arabia,1968,5387822
3691,Saudi Arabia,1969,5599909
3692,Saudi Arabia,1970,5836388
3693,Saudi Arabia,1971,6100631
3694,Saudi Arabia,1972,6392973
3695,Saudi Arabia,1973,6711922
3696,Saudi Arabia,1974,7054532
3697,Saudi Arabia,1975,7419486
3698,Saudi Arabia,1976,7802928
3699,Saudi Arabia,1977,8207695
3700,Saudi Arabia,1978,8646845
3701,Saudi Arabia,1979,9137928
3702,Saudi Arabia,1980,9691471
3703,Saudi Arabia,1981,10311771
3704,Saudi Arabia,1982,10988851
3705,Saudi Arabia,1983,11701132
3706,Saudi Arabia,1984,12418836
3707,Saudi Arabia,1985,13118998
3708,Saudi Arabia,1986,13794167
3709,Saudi Arabia,1987,14445663
3710,Saudi Arabia,1988,15070082
3711,Saudi Arabia,1989,15666289
3712,Saudi Arabia,1990,16233786
3713,Saudi Arabia,1991,16772695
3714,Saudi Arabia,1992,17282686
3715,Saudi Arabia,1993,17763297
3716,Saudi Arabia,1994,18214475
3717,Saudi Arabia,1995,18638790
3718,Saudi Arabia,1996,19033843
3719,Saudi Arabia,1997,19407138
3720,Saudi Arabia,1998,19783301
3721,Saudi Arabia,1999,20194531
3722,Saudi Arabia,2000,20663840
3723,Saudi Arabia,2001,21202646
3724,Saudi Arabia,2002,21805322
3725,Saudi Arabia,2003,22456645
3726,Saudi Arabia,2004,23132686
3727,Saudi Arabia,2005,23816175
3728,Saudi Arabia,2006,24498313
3729,Saudi Arabia,2007,25184589
3730,Saudi Arabia,2008,25888535
3731,Saudi Arabia,2009,26630303
3732,Saudi Arabia,2010,27421468
3733,Saudi Arabia,2011,28267591
3734,Saudi Arabia,2012,29154906
3735,Saudi Arabia,2013,30052058
3736,Saudi Arabia,2014,30916603
3737,Saudi Arabia,2015,31717676
3738,Saudi Arabia,2016,31787580
3739,Saudi Arabia,2017,32612641
3740,Saudi Arabia,2018,33413660
3741,Saudi Arabia,2019,34218169
3742,Saudi Arabia,2020,35013414
3743,Saudi Arabia,2021,34110821
3744,Singapore,1950,1022095
3745,Singapore,1951,1067797
3746,Singapore,1952,1119932
3747,Singapore,1953,1177580
3748,Singapore,1954,1239692
3749,Singapore,1955,1305103
3750,Singapore,1956,1372516
3751,Singapore,1957,1440490
3752,Singapore,1958,1507544
3753,Singapore,1959,1572174
3754,Singapore,1960,1646400
3755,Singapore,1961,1702400
3756,Singapore,1962,1750200
3757,Singapore,1963,1795000
3758,Singapore,1964,1841600
3759,Singapore,1965,1886900
3760,Singapore,1966,1934400
3761,Singapore,1967,1977600
3762,Singapore,1968,2012000
3763,Singapore,1969,2042500
3764,Singapore,1970,2013563
3765,Singapore,1971,2112900
3766,Singapore,1972,2152400
3767,Singapore,1973,2193000
3768,Singapore,1974,2229800
3769,Singapore,1975,2262600
3770,Singapore,1976,2293300
3771,Singapore,1977,2325300
3772,Singapore,1978,2353600
3773,Singapore,1979,2383500
3774,Singapore,1980,2282125
3775,Singapore,1981,2324403
3776,Singapore,1982,2365707
3777,Singapore,1983,2406165
3778,Singapore,1984,2443705
3779,Singapore,1985,2482615
3780,Singapore,1986,2518598
3781,Singapore,1987,2553864
3782,Singapore,1988,2598458
3783,Singapore,1989,2647627
3784,Singapore,1990,2735868
3785,Singapore,1991,2794704
3786,Singapore,1992,2849754
3787,Singapore,1993,2904547
3788,Singapore,1994,2959350
3789,Singapore,1995,3013515
3790,Singapore,1996,3068132
3791,Singapore,1997,3123403
3792,Singapore,1998,3180018
3793,Singapore,1999,3229681
3794,Singapore,2000,3273363
3795,Singapore,2001,3325902
3796,Singapore,2002,3382944
3797,Singapore,2003,3366891
3798,Singapore,2004,3413266
3799,Singapore,2005,3467814
3800,Singapore,2006,3525894
3801,Singapore,2007,3583082
3802,Singapore,2008,3642659
3803,Singapore,2009,3733876
3804,Singapore,2010,3771721
3805,Singapore,2011,3789251
3806,Singapore,2012,3818205
3807,Singapore,2013,3844751
3808,Singapore,2014,3870739
3809,Singapore,2015,3902690
3810,Singapore,2016,3933559
3811,Singapore,2017,3965796
3812,Singapore,2018,3994283
3813,Singapore,2019,4026209
3814,Singapore,2020,4044210
